0,44.087,46.218,44.63,44.945,44.716,44.134,44.009,45.149,44.507,45.124,44.499,45.953,44.543,44.9,44.038,44.427,44.57,44.84,43.315,43.426,45.525,44.881,43.591,45.68,44.416,46.268,43.921,44.591,43.537,46.171,46.126,45.397,43.519,45.447,44.821,43.783,44.002,45.965,45.651,44.694,43.694,46.146,45.976,44.283,46.069,44.351,44.751,44.482,45.548,43.973,43.648,46.248,46.177,43.154,43.706,44.527,45.197,45.481,45.896,43.824,45.262,46.086,45.827,45.307,45.677,45.717,46.091,46.444,44.819,43.98,45.411,43.675,46.212,46.12,45.859,45.407,44.584,44.297,44.528,43.252,45.831,44.376,45.418,43.62,46.137,43.446,45.29,45.388,44.024,43.224,45.855,43.936,46.272,44.395,43.582,45.058,43.11,45.24,43.198,43.493,44.303,45.695,43.118,46.054,44.577,46.156,44.537,44.978,44.403,43.239,45.987,45.393,45.169,45.983,44.639,45.468,43.4,46.106,45.113,43.616,44.238,46.061,45.843,44.379,45.327,43.763,45.457,43.14,45.806,45.021,44.787,46.016,44.259,46.382,43.541,43.757,45.553,44.193,44.165,46.343,44.602,43.389,43.852,43.951,43.484,45.594,44.888,45.996,45.075,44.388,46.397,44.988,45.213,46.402,43.526,45.368,45.702,43.086,45.026,44.37,45.746,45.225,45.164,45.757,44.423,45.371,46.429,43.992,44.762,45.523,44.114,44.66,44.451,43.457,44.36,43.594,43.353,45.669,46.322,46.252,43.268,44.266,43.323,43.686,43.889,43.816,44.904,43.879,43.116,45.356,43.457,44.928,45.002,46.191,43.646,44.809,44.323,45.499,45.709,43.101,43.265,43.282,43.608,45.643,46.037,44.758,43.406,44.805,43.227,45.916,44.411,43.547,44.829,46.198,43.375,44.042,44.152,46.052,44.21,46.294,43.838,44.55,45.067,45.837,43.713,45.532,44.228,43.6,44.618,43.133,43.381,45.933,44.675,45.538,43.794,43.438,44.768,45.259,44.777,43.147,46.113,45.822,44.217,43.749,44.06,43.799,43.207,43.627,43.216,43.258,43.963,43.334,46.358,45.688,43.741,43.57,43.579,45.238,45.558,43.639,44.202,43.516,46.376,45.191,44.305,45.869,46.019,45.591,43.358,43.395,45.888,44.335,45.92,46.414,46.075,43.835,44.862,43.863,44.244,44.669,45.504,45.173,43.479,43.953,44.56,45.574,45.083,45.784,46.309,45.472,44.028,44.252,45.948,43.744,45.136,44.914,44.95,43.415,43.966,45.96,44.353,44.78,45.774,46.347,43.556,45.779,43.688,45.6,44.623,46.161,44.102,43.731,44.233,45.274,46.277,43.5,44.847,43.421,46.206,44.514,44.512,45.94,46.335,44.188,45.638,46.298,44.157,45.492,44.271,46.151,46.241,45.903,46.385,44.969,44.928,45.338,44.732,44.651,44.719,44.051,44.285,45.139,45.052,44.478,45.268,45.451,46.029,43.191,45.154,46.368,44.014,46.452,45.124,44.607,45.486,45.036,45.727,45.728,44.147,45.798,45.582,43.869,45.517,44.096,46.285,43.67,44.682,43.203,45.619,44.795,44.962,43.893,43.17,45.2,44.066,45.328,45.876,46.471,45.301,43.092,43.313,44.311,46.129,45.63,43.366,45.764,44.075,45.57,43.778,44.835,44.176,44.939,46.465,43.163,43.926,45.283,43.346,44.989,44.072,44.956,43.341,44.878,45.038,45.09,45.091,46.419,45.232,43.9,45.929,45.75,45.663,46.325,45.879,46.042,45.379,45.105,45.739,45.014,43.274,46.001,43.174,43.297,44.118,45.79,46.182,43.291,44.855,44.74,43.721,45.81,45.179,44.207,43.941,46.456,44.492,44.445,43.77,44.342,45.44,44.329,43.432,44.171,45.296,45.433,43.126,43.999,45.048,46.356,44.61,44.708,46.311,44.869,46.094,44.126,43.817,45.351,44.089,45.621,45.315,44.434,43.183,43.661,46.233,43.809,44.729,43.564,45.209,46.407,43.307,45.102,44.564,44.646,43.24,43.47,45.005,44.471,45.424,43.874,46.261,43.91,43.473,46.227,44.466,46.437,44.14,44.688,43.845,43.725,43.506,45.908,43.657,45.655,43.911,44.454,44.915,46.012,44.701,45.247,45.342,45.606
0,3.5865,3.6132,3.6954,0.5115,1.8164,1.3031,0.5071,3.2326,3.9386,2.4719,1.5709,3.3218,1.3963,2.7948,0.8585,1.7149,2.2793,1.0874,2.3324,0.6686,1.8658,2.6246,3.5553,3.305,1.7594,2.0648,3.449,2.7107,3.1094,1.1012,2.4185,2.5706,0.4855,2.0974,0.5773,1.706,0.8641,0.6567,2.5689,3.7936,3.888,3.6468,2.2325,1.0572,3.1367,3.8085,1.0247,3.826,2.051,0.5596,3.6916,0.9876,0.499,2.5072,2.0844,3.1564,3.7862,2.9682,3.4455,1.0505,0.9555,3.9148,1.1827,1.8353,2.4489,1.9876,2.4862,3.4908,0.6508,2.3778,2.4048,2.2161,1.9316,0.9898,0.9103,3.9493,1.4694,0.5645,1.5855,3.6293,2.6024,1.2252,2.2714,2.8534,2.3601,2.1497,1.1652,2.5941,3.9016,1.2766,1.0028,1.3538,1.2751,3.862,3.3522,1.3413,2.1805,3.0562,0.8085,2.0134,0.7151,2.4327,0.8953,2.388,3.9699,2.1195,3.3805,1.8007,2.2636,3.865,0.9741,3.425,2.6982,2.5275,3.391,3.8798,2.6648,0.9193,2.9911,1.656,0.9968,1.5554,2.2094,3.7302,1.7348,3.7594,2.0218,1.2108,3.0644,1.3162,1.4452,3.2204,1.8487,0.4912,2.2026,2.9615,3.4694,0.6588,3.4853,1.6172,1.8721,0.8835,3.1743,3.3112,1.6275,1.9219,2.9009,3.9859,0.7937,1.9129,2.327,1.6138,1.1928,3.7255,2.783,1.4943,3.6655,3.441,2.8825,0.6377,1.3068,1.3635,3.9064,2.173,3.7735,1.6018,3.7438,2.0342,1.0401,3.1835,0.7823,2.2953,2.5773,3.6221,2.9203,3.0084,1.5061,3.7656,1.4751,3.6747,0.9136,3.5007,1.0688,1.0795,0.6217,3.7136,0.8739,1.5418,0.5422,2.3481,3.8426,2.9548,1.9516,2.1964,1.8998,0.5229,3.2536,2.8867,3.3598,2.746,2.219,3.3459,1.2344,3.5528,2.9261,2.2965,1.8853,1.1582,1.407,2.7283,2.0717,1.6834,0.9338,2.5559,3.0298,1.5902,3.7543,3.2394,1.7928,1.3697,1.7457,2.9974,1.5172,1.0332,2.5536,3.4566,3.4666,2.5203,0.6113,1.5765,3.6568,0.538,0.5688,2.1254,3.0687,1.7635,1.2054,3.0416,1.1091,2.1275,1.8762,0.8281,1.3311,2.4659,2.4532,3.2983,3.6423,1.1327,3.5188,1.6722,0.6966,2.9748,3.7399,3.0164,1.1913,2.8651,2.8346,3.0377,2.3057,1.945,3.6039,1.524,2.1872,1.2953,1.9726,1.1392,3.9211,2.5217,3.4001,0.9655,3.4278,2.8478,1.9279,1.2545,1.0639,1.4169,1.9427,1.5136,0.5312,2.287,1.6982,3.0929,2.768,2.4978,3.1612,3.98,2.858,1.1239,1.9673,2.7914,2.709,1.656,3.2129,3.5901,1.3932,2.0467,2.0615,1.7867,2.2543,3.3312,1.2572,1.4288,1.1167,1.0952,2.242,2.002,1.995,2.6274,1.6455,3.836,3.9671,0.7414,1.3209,0.5942,3.394,2.7646,3.5326,3.268,2.1609,0.7896,3.4098,3.0522,3.7036,1.4628,1.9052,3.5681,2.931,2.4405,1.4206,2.8273,0.6781,2.739,3.5628,1.9642,0.7266,2.643,1.5935,0.4796,2.1664,2.8988,0.634,3.9321,1.0819,1.8205,3.099,3.0777,0.8128,1.9861,2.1401,2.414,2.9124,0.8435,3.849,1.0153,1.3798,3.1695,1.357,2.505,0.6089,1.3396,1.629,2.6586,3.2766,0.9756,3.0202,1.2682,1.2418,2.6871,2.0989,3.5784,2.7195,3.7183,1.3876,1.5008,3.13,1.2175,3.3688,3.5046,3.5405,3.8025,3.7808,1.6634,1.6896,1.8457,2.0893,2.3143,2.8424,1.7537,1.484,2.6172,1.5347,2.6939,3.2604,3.3712,3.2284,2.4223,1.1433,3.8725,3.2863,2.5869,2.3406,3.2872,2.9773,0.8791,3.1444,1.5636,0.6915,1.4372,0.7707,0.9029,2.9388,1.7202,0.7625,2.6383,3.8944,3.3379,2.5448,1.6353,0.7088,3.5172,3.1515,2.8762,2.7346,2.3577,2.4809,1.8247,2.3968,0.5867,1.7734,0.6281,0.5494,2.8143,0.5977,1.5497,3.637,2.822,0.6828,2.8038,3.1984,0.9463,1.8045,3.8325,0.7013,1.0189,2.017,2.3199,3.414,1.4405,0.7487,2.6718,2.3863,0.7339,0.8395,0.8488,2.3677,0.8048,0.9456,1.1506,2.6066,2.1444,3.0857,1.1776,3.1239,2.9423,1.2886,2.4607,1.7282,0.768,3.6018,1.7816,3.2032,3.1155,3.4808,1.698,2.0384,3.1948,3.9423,2.6806,2.2303,3.0033,2.1059,3.2456,2.7794,1.8535,3.5321,2.6475,2.2474,0.82,3.8182,3.6841,2.5404,3.6662,1.8933,2.757,1.2284,1.4527,0.7524,0.9318,3.9563,3.3191
0,1,3,3,4,3,4,2,4,1,4,5,2,2,2,2,1,3,1,4,1,2,3,2,3,3,3,4,3,2,4,2,4,5,3,4,4,3,4,5,3,4,4,1,3,2,4,2,2,4,5,3,3,2,4,1,4,3,1,4,5,3,3,4,5,3,1,4,4,1,1,2,5,2,3,1,1,4,4,4,2,2,4,2,4,5,1,4,2,1,4,2,2,4,4,5,5,4,4,2,1,3,5,2,3,4,4,3,2,4,1,2,2,2,3,3,2,1,3,3,3,2,4,4,5,3,3,2,4,3,2,4,5,5,1,3,5,2,4,2,2,5,3,5,3,2,3,5,2,4,2,2,5,1,3,3,3,1,3,4,4,3,4,3,1,3,3,3,4,2,3,1,5,4,3,2,1,1,4,2,5,1,4,3,3,4,1,4,2,2,5,4,3,4,1,1,2,3,3,3,1,4,5,2,3,1,5,2,2,4,3,2,4,3,4,4,4,5,5,5,2,4,1,1,1,4,2,3,2,2,3,4,4,2,5,4,4,3,2,2,3,2,1,4,5,4,2,3,2,4,2,2,3,4,2,2,5,2,2,2,3,3,5,4,4,1,4,3,3,1,3,3,2,3,3,2,2,4,2,2,1,2,5,5,5,5,2,4,4,2,3,1,5,1,4,3,4,2,5,5,4,2,3,2,2,3,4,3,1,4,5,5,4,2,5,2,2,4,2,3,1,3,4,3,2,2,3,4,2,2,1,3,3,2,3,2,2,1,4,4,2,4,2,3,1,3,3,3,3,2,1,1,4,2,3,4,2,3,5,3,1,3,5,2,3,5,1,3,1,1,2,1,3,4,3,2,5,1,2,3,4,5,5,4,4,4,2,2,5,3,4,4,2,3,5,2,4,4,2,3,3,3,1,4,1,2,4,4,5,5,3,4,1,4,4,4,2,2,2,5,3,3,3,4,5,4,2,3,4,4,3,4,5,4,5,3,3,1,3,2,2,4,5,3,3,2,5,2,1,3,2,4,5,4,3,3,3,2,4,3,2,3,4,4,2,1,4,3,4,5,4,3,3,2,4,2,5,2,4,1,2,2,2,5,4,1,4,1,2,3,3,3,3,2,5,2,4,5,4,3,1
443,0.0082723,0.0082775,0.0083102,0.0030998,0.0068178,0.0058232,0.0030797,0.0081173,0.0083871,0.0076022,0.0063957,0.0081582,0.0060367,0.00786,0.0045267,0.0066543,0.0074146,0.0052551,0.0074723,0.0038012,0.0068916,0.0077326,0.0082618,0.0081511,0.006728,0.0071632,0.0082184,0.0077998,0.0080572,0.0052926,0.0075508,0.0076873,0.0029755,0.0072053,0.0034052,0.0066403,0.0045464,0.0037489,0.0076853,0.0083428,0.0083743,0.0082899,0.0073614,0.0051676,0.0080661,0.0083484,0.0050696,0.0083536,0.0071469,0.0033256,0.0083114,0.0049528,0.003039,0.007638,0.0071928,0.0080799,0.0083394,0.0079717,0.0082124,0.0051485,0.0048521,0.0083767,0.0055171,0.0068459,0.00758,0.0070637,0.0076131,0.00823,0.0037252,0.0075162,0.0075391,0.0073478,0.0069857,0.0049601,0.0047024,0.0083882,0.0061933,0.0033474,0.0064231,0.0082903,0.0077129,0.00563,0.0074045,0.0079028,0.0074943,0.0072723,0.0054711,0.007707,0.0083777,0.0057606,0.0050008,0.0059422,0.0057521,0.0083648,0.0081773,0.0059115,0.0073089,0.0080237,0.0043482,0.0071023,0.0039893,0.0075649,0.0046554,0.0075217,0.008396,0.0072308,0.0081877,0.0067929,0.0073982,0.0083685,0.0049107,0.0082049,0.0077891,0.0076497,0.0081919,0.0083678,0.0077675,0.0047324,0.0079862,0.0065536,0.0049844,0.0063631,0.0073359,0.0083228,0.0066858,0.008334,0.0071095,0.0055948,0.0080271,0.0058528,0.0061421,0.0081095,0.0068682,0.0030008,0.0073332,0.0079713,0.0082232,0.0037596,0.0082327,0.006479,0.0069024,0.0046146,0.0080909,0.0081576,0.0065028,0.0069729,0.0079308,0.0083973,0.0042912,0.0069624,0.0074607,0.0064749,0.0055448,0.0083168,0.0078546,0.0062432,0.0082976,0.0082172,0.0079186,0.0036703,0.0058294,0.0059622,0.0083763,0.0072947,0.008337,0.0064522,0.0083229,0.0071284,0.0051161,0.0080919,0.00425,0.0074312,0.007695,0.0082871,0.0079443,0.0079998,0.0062706,0.0083316,0.0062023,0.0082995,0.0047168,0.0082387,0.0052032,0.005234,0.003602,0.0083185,0.0045794,0.0063404,0.0032462,0.0074838,0.0083612,0.0079646,0.0070157,0.0073208,0.0069451,0.0031543,0.0081295,0.0079202,0.0081761,0.0078291,0.0073521,0.0081753,0.0056547,0.008256,0.0079444,0.0074322,0.0069244,0.0054527,0.0060628,0.0078101,0.0071754,0.0066019,0.0047818,0.0076736,0.0080129,0.0064329,0.0083313,0.0081189,0.006782,0.0059746,0.0067066,0.0079912,0.0062898,0.0050938,0.0076768,0.0082178,0.008225,0.0076484,0.0035559,0.0064087,0.0082999,0.0032242,0.0033667,0.0072391,0.0080341,0.0067365,0.0055782,0.0080153,0.005317,0.0072464,0.0069059,0.0044165,0.0058892,0.0075996,0.0075873,0.0081521,0.0082951,0.0053848,0.0082485,0.0065829,0.0039158,0.0079804,0.0083217,0.0079999,0.005543,0.0079106,0.00789,0.0080132,0.0074403,0.0070093,0.0082787,0.0063061,0.0073099,0.0058026,0.0070459,0.0053994,0.0083787,0.0076453,0.008199,0.0048867,0.0082052,0.0078973,0.0069808,0.005701,0.0051851,0.0060832,0.0070036,0.0062847,0.0031935,0.0074225,0.0066238,0.0080444,0.0078441,0.0076279,0.0080825,0.0083965,0.0079023,0.0053571,0.0070351,0.0078562,0.0077997,0.0065526,0.0081059,0.0082747,0.0060291,0.0071426,0.0071615,0.0067738,0.0073893,0.0081624,0.0057107,0.0061071,0.0053371,0.0052756,0.0073766,0.0070828,0.0070774,0.0077333,0.006533,0.0083529,0.0083963,0.0040939,0.0058651,0.0034802,0.0081898,0.0078416,0.0082499,0.0081385,0.0072798,0.0042764,0.0082004,0.00802,0.0083094,0.0061802,0.0069489,0.0082605,0.0079515,0.0075727,0.0060906,0.0078797,0.0038376,0.007818,0.0082584,0.0070332,0.0040347,0.0077463,0.0064378,0.0029457,0.0072892,0.0079314,0.0036543,0.0083838,0.0052388,0.0068247,0.0080475,0.0080353,0.0043605,0.0070665,0.0072574,0.0075461,0.00794,0.0044707,0.0083592,0.005041,0.0059987,0.0080856,0.0059466,0.0076305,0.0035458,0.0059063,0.0065016,0.0077616,0.008138,0.0049181,0.0080009,0.005739,0.0056716,0.0077851,0.0072067,0.0082678,0.0078053,0.0083199,0.0060198,0.0062567,0.008067,0.0056086,0.0081795,0.0082354,0.008252,0.0083495,0.008342,0.0065656,0.006608,0.0068612,0.0071994,0.0074487,0.0078943,0.0067164,0.0062249,0.0077269,0.0063259,0.0077863,0.008128,0.0081869,0.008118,0.007556,0.0054146,0.0083667,0.0081458,0.0077019,0.0074806,0.0081444,0.0079781,0.0045971,0.0080724,0.0063785,0.0038937,0.0061267,0.0042041,0.004678,0.0079531,0.0066596,0.0041727,0.0077411,0.0083724,0.0081674,0.0076651,0.0065141,0.0039654,0.0082414,0.0080806,0.0079185,0.0078184,0.0074926,0.0076082,0.0068336,0.0075325,0.0034469,0.0067519,0.0036278,0.0032774,0.0078748,0.0034968,0.0063515,0.0082901,0.0078795,0.0038595,0.0078673,0.0080995,0.0048234,0.0068018,0.0083563,0.0039331,0.0050509,0.0071079,0.0074582,0.008201,0.0061299,0.0041211,0.0077701,0.0075196,0.004063,0.0044572,0.0044926,0.0075063,0.004332,0.0048215,0.005431,0.0077171,0.0072638,0.0080451,0.0055067,0.008059,0.0079594,0.0057873,0.0075953,0.0066751,0.004193,0.00828,0.0067626,0.0081039,0.0080578,0.0082332,0.0066272,0.0071319,0.0080999,0.0083861,0.0077787,0.0073587,0.007996,0.0072195,0.0081216,0.0078499,0.0068715,0.0082514,0.0077511,0.0073819,0.0043895,0.0083535,0.0083037,0.0076655,0.0082978,0.0069349,0.007834,0.0056371,0.006156,0.0041354,0.0047749,0.0083904,0.0081575
490,0.0094477,0.0093838,0.0094745,0.003461,0.0077164,0.0065783,0.0034495,0.0092282,0.0095704,0.0086214,0.0072315,0.0092508,0.0068153,0.0089316,0.0050925,0.0075337,0.0084178,0.0059098,0.0085239,0.0042757,0.0077802,0.0087823,0.0094519,0.0092511,0.0076198,0.0080758,0.0093889,0.0088705,0.0092096,0.0059259,0.0085318,0.0087134,0.0033376,0.0081476,0.003807,0.0075348,0.0051156,0.0041794,0.0087035,0.0095111,0.009583,0.0094007,0.0083149,0.005821,0.0091387,0.0095294,0.0056993,0.009531,0.0080766,0.0037282,0.0095092,0.0055376,0.0033785,0.0087247,0.0081829,0.0092041,0.0094902,0.0090454,0.009317,0.0058086,0.0054411,0.0095056,0.0061893,0.0077332,0.008579,0.007975,0.0086056,0.0093203,0.004169,0.0085549,0.008539,0.0083662,0.0078711,0.0055483,0.0052601,0.0095415,0.0069952,0.0037485,0.0072627,0.0094976,0.0087302,0.0063502,0.0083811,0.0090233,0.0084653,0.0082842,0.0061479,0.0087365,0.0095754,0.0065274,0.0055997,0.0067203,0.0064486,0.0095475,0.0093513,0.0066587,0.0083373,0.0091146,0.0049035,0.0080832,0.0044761,0.0085608,0.0052568,0.0084998,0.0095784,0.0081575,0.0093316,0.0076802,0.0084036,0.009592,0.0054945,0.0093242,0.00884,0.0086517,0.0093334,0.009515,0.0088702,0.0052897,0.0090742,0.0074382,0.0056122,0.0071552,0.0082888,0.0094979,0.0075466,0.0095323,0.0080356,0.0063377,0.0091009,0.0065922,0.0069311,0.0091914,0.0077875,0.0033334,0.0083527,0.0091004,0.0093407,0.004217,0.0093977,0.0072819,0.007818,0.005205,0.0092392,0.0093155,0.0073825,0.007873,0.0090158,0.0095327,0.0048066,0.0078938,0.0084185,0.007311,0.0062339,0.0094243,0.0089694,0.0070337,0.0094239,0.0094159,0.0089972,0.0041131,0.0065489,0.0067133,0.0095353,0.0082431,0.0095132,0.0072751,0.0094305,0.0080992,0.0057524,0.0091861,0.0047757,0.0084347,0.0087511,0.0094869,0.0090487,0.0091397,0.0071158,0.0094655,0.006964,0.0094087,0.0053243,0.0094014,0.005882,0.0059097,0.0040426,0.0095119,0.0051372,0.0071834,0.0036493,0.0084758,0.0095755,0.0090545,0.0079389,0.0082614,0.0078944,0.003524,0.0092695,0.0089844,0.0092796,0.0089531,0.0083834,0.0093591,0.0063961,0.0093766,0.0089961,0.008433,0.0078771,0.0061372,0.0068774,0.0088418,0.0081421,0.0074964,0.0053693,0.0086733,0.0091624,0.0072866,0.0095157,0.0092012,0.0076882,0.006703,0.0076107,0.0090981,0.0070949,0.0057058,0.0087528,0.0093351,0.0093864,0.0087228,0.0039801,0.0072823,0.0095046,0.0035892,0.0037654,0.0081844,0.0091736,0.0076564,0.006282,0.0091041,0.0059821,0.0082629,0.0077812,0.0049364,0.0066527,0.0086605,0.0086365,0.0093139,0.009505,0.0060845,0.0094489,0.0074822,0.0043977,0.0091252,0.0094315,0.0090723,0.0062643,0.0090343,0.0090097,0.0091022,0.0084188,0.0079698,0.0094512,0.0071529,0.0082435,0.0065305,0.0079937,0.0060539,0.0095102,0.0086582,0.0093849,0.0055166,0.0093084,0.0089938,0.0078734,0.0063871,0.0058051,0.006886,0.0079287,0.0071191,0.0035753,0.0084241,0.0074703,0.0091411,0.0089584,0.0086874,0.0092059,0.0095458,0.0089762,0.0060074,0.0079259,0.0089096,0.0088882,0.0074201,0.0091892,0.0094619,0.0067923,0.0080894,0.0081104,0.0077006,0.008406,0.0092557,0.0064436,0.0068909,0.0059847,0.0059028,0.0084037,0.0079956,0.0080482,0.0087613,0.0073878,0.0094748,0.0095951,0.0046042,0.0066245,0.0038858,0.0092781,0.0089549,0.0093955,0.0093106,0.0082134,0.0047991,0.0093476,0.0090883,0.0094178,0.0069899,0.0078439,0.0093611,0.0090638,0.0085758,0.0068839,0.0089164,0.0042754,0.0088514,0.0093557,0.0079603,0.0045176,0.0087844,0.0072745,0.0032911,0.0082664,0.0090433,0.0040962,0.0095452,0.0058869,0.0077307,0.0091418,0.0091216,0.0048695,0.00805,0.0082167,0.0085192,0.0090549,0.0049873,0.0095163,0.0056695,0.0067492,0.0091943,0.0066838,0.0086366,0.0039752,0.006636,0.007327,0.0088482,0.0092408,0.0055389,0.0090551,0.006492,0.006391,0.0088976,0.0081446,0.0094183,0.0088657,0.009511,0.0068291,0.0070534,0.0092039,0.0063048,0.0092786,0.009326,0.0093831,0.0095743,0.0095575,0.0074336,0.007436,0.0077422,0.008201,0.0084228,0.0089985,0.0075759,0.0070518,0.0087768,0.0071591,0.0088438,0.0091995,0.009377,0.0092692,0.0085625,0.0061248,0.0095297,0.0092973,0.0087437,0.0085327,0.009269,0.009067,0.005154,0.0091768,0.0071643,0.0043533,0.006935,0.004694,0.0052341,0.0090179,0.0074909,0.0046592,0.0087572,0.0095233,0.0092889,0.0086767,0.0073557,0.0044652,0.009348,0.0092498,0.0090527,0.0089075,0.0084733,0.0085973,0.0077741,0.0085478,0.0038553,0.0076666,0.0040449,0.0036583,0.0089714,0.0039226,0.0071323,0.009455,0.0089693,0.0043368,0.008958,0.009198,0.005426,0.007733,0.009545,0.0043971,0.0056647,0.0081004,0.008486,0.0093308,0.0068798,0.004621,0.0088318,0.00849,0.004551,0.0049778,0.005052,0.0085486,0.0048482,0.0054285,0.0060951,0.0087508,0.008245,0.0092071,0.0062243,0.0091252,0.0090844,0.0065233,0.0086613,0.0075373,0.0046741,0.0094835,0.0076416,0.0092313,0.009174,0.0094298,0.0075279,0.0080743,0.0092296,0.0095384,0.0088682,0.0083033,0.0091247,0.0082216,0.0091988,0.0089336,0.007733,0.0094208,0.0088101,0.008401,0.0049415,0.0095646,0.0094246,0.0087414,0.009426,0.0078752,0.0089152,0.0063465,0.006918,0.0046357,0.0053536,0.0095461,0.0092613
560,0.032265,0.030928,0.032084,0.010862,0.025465,0.021607,0.010979,0.030873,0.032521,0.028607,0.023802,0.03056,0.022304,0.029873,0.016476,0.024918,0.028103,0.019052,0.029085,0.013846,0.025369,0.02932,0.032548,0.030695,0.025235,0.026124,0.032124,0.029791,0.031625,0.01872,0.027827,0.028823,0.010691,0.026725,0.012011,0.025181,0.016563,0.013008,0.028669,0.032192,0.033009,0.031027,0.027105,0.018911,0.030085,0.032444,0.018356,0.032381,0.026425,0.011906,0.032743,0.0174,0.010402,0.029935,0.027614,0.031094,0.031848,0.03002,0.030837,0.019003,0.017339,0.031452,0.019712,0.025287,0.028199,0.02599,0.028111,0.03058,0.013201,0.028889,0.028172,0.028318,0.025418,0.01747,0.016578,0.031935,0.022927,0.011914,0.023903,0.032913,0.028685,0.020723,0.027589,0.030857,0.027581,0.028113,0.019734,0.028913,0.0328,0.021738,0.017713,0.02218,0.020457,0.032492,0.032157,0.021576,0.02847,0.030398,0.01604,0.027335,0.01433,0.028125,0.017283,0.027742,0.032515,0.026463,0.03158,0.025228,0.028126,0.033296,0.017326,0.031115,0.0294,0.028328,0.031534,0.031804,0.030375,0.016614,0.030307,0.024894,0.018203,0.022959,0.027068,0.032306,0.024612,0.032772,0.026315,0.021088,0.030071,0.021357,0.022627,0.030307,0.025911,0.010228,0.028328,0.031086,0.031097,0.013487,0.032029,0.023298,0.025881,0.017031,0.031576,0.031822,0.024742,0.025673,0.030197,0.0316,0.015258,0.026247,0.027299,0.023902,0.020054,0.030988,0.030696,0.022782,0.031338,0.032678,0.030059,0.013106,0.020968,0.021711,0.032038,0.02694,0.032343,0.023631,0.030998,0.027175,0.018535,0.030528,0.015381,0.028125,0.029407,0.032758,0.030583,0.031322,0.023819,0.031512,0.022205,0.031004,0.017477,0.031991,0.019412,0.019398,0.012967,0.032663,0.016407,0.023864,0.011798,0.027964,0.03311,0.030324,0.026155,0.026821,0.026564,0.01109,0.031451,0.029784,0.030789,0.030848,0.028573,0.032347,0.021139,0.031188,0.029571,0.028075,0.026603,0.019846,0.023,0.029057,0.027151,0.025135,0.017211,0.02831,0.031524,0.024175,0.032497,0.030326,0.025568,0.021318,0.025436,0.030677,0.023105,0.018074,0.029769,0.031086,0.031952,0.029709,0.012617,0.024513,0.03287,0.011113,0.011901,0.02682,0.031351,0.02577,0.02036,0.030349,0.01932,0.02817,0.025139,0.015514,0.021842,0.029399,0.02916,0.031895,0.032967,0.020031,0.032739,0.0252,0.014141,0.0314,0.031037,0.030021,0.020628,0.030925,0.030825,0.030352,0.027665,0.026848,0.032219,0.023892,0.026679,0.021086,0.026649,0.01924,0.031503,0.028529,0.032408,0.018111,0.030808,0.030385,0.025543,0.020204,0.018341,0.022809,0.026176,0.023638,0.011354,0.028081,0.024272,0.030532,0.030677,0.029404,0.031084,0.031866,0.029952,0.019107,0.025574,0.029517,0.030133,0.024576,0.030332,0.032505,0.022017,0.02674,0.026802,0.025943,0.028334,0.030575,0.021059,0.022488,0.019033,0.018592,0.028515,0.026038,0.027119,0.028906,0.024315,0.031298,0.032835,0.01489,0.021737,0.012186,0.030504,0.030652,0.031666,0.032082,0.026642,0.015365,0.031654,0.029959,0.030997,0.023052,0.025551,0.030803,0.030742,0.028271,0.022644,0.029223,0.013264,0.029099,0.03074,0.026246,0.014331,0.029113,0.023868,0.010358,0.027475,0.030716,0.013067,0.032089,0.018911,0.025614,0.030487,0.030321,0.015246,0.027345,0.027103,0.027675,0.03078,0.015534,0.031986,0.018295,0.021747,0.030801,0.02144,0.028388,0.012692,0.021251,0.023736,0.030058,0.030737,0.01799,0.029672,0.021459,0.020767,0.03058,0.026642,0.03178,0.029595,0.032617,0.022846,0.022911,0.031328,0.020262,0.030703,0.030587,0.031385,0.033307,0.033117,0.024602,0.023916,0.025191,0.027835,0.027589,0.030533,0.024622,0.023426,0.029322,0.023664,0.029524,0.030121,0.032482,0.031654,0.028316,0.020262,0.032108,0.031687,0.029141,0.029107,0.031165,0.030317,0.016417,0.030707,0.022863,0.013723,0.022961,0.014693,0.016519,0.02983,0.024034,0.014589,0.028688,0.031881,0.031126,0.02853,0.024051,0.014522,0.030901,0.031973,0.031136,0.030163,0.027763,0.02804,0.026268,0.028457,0.012184,0.02569,0.012602,0.011463,0.030363,0.012557,0.02274,0.03208,0.030238,0.013978,0.030245,0.030614,0.017539,0.026056,0.032602,0.013854,0.018047,0.027564,0.02862,0.031315,0.021904,0.014746,0.029589,0.027594,0.014455,0.015587,0.016315,0.028942,0.015333,0.017612,0.019454,0.028999,0.027522,0.0318,0.020512,0.029957,0.030998,0.021213,0.029491,0.024625,0.014522,0.032826,0.02504,0.03118,0.030919,0.03265,0.025282,0.026646,0.03122,0.031915,0.030132,0.026943,0.031102,0.027864,0.030233,0.030092,0.024841,0.032133,0.029517,0.028371,0.016039,0.033039,0.031236,0.029753,0.031369,0.026379,0.030027,0.020537,0.022153,0.014775,0.017048,0.031987,0.030771
665,0.0090887,0.0088335,0.0090646,0.0031974,0.0072929,0.0062171,0.0032179,0.0087668,0.0091747,0.008159,0.0068316,0.0087214,0.0064211,0.008489,0.0047834,0.0071342,0.0080012,0.0055257,0.0082187,0.0040286,0.0072964,0.0083404,0.0091425,0.0087443,0.0072201,0.0075334,0.0090446,0.0084542,0.008898,0.0054694,0.0079918,0.0082288,0.0031291,0.0076634,0.0035267,0.007185,0.0048073,0.0038343,0.0081985,0.009096,0.0092676,0.0088563,0.0077889,0.005472,0.0085995,0.0091472,0.0053283,0.0091364,0.0075859,0.0034835,0.0091959,0.0050979,0.003083,0.0084386,0.0078392,0.008798,0.0090285,0.0085541,0.0087927,0.0054872,0.0050546,0.0089673,0.0057386,0.0072659,0.0080727,0.0074738,0.0080674,0.0087514,0.0038681,0.0081897,0.0080537,0.0080262,0.0073374,0.0051141,0.0048539,0.009062,0.0065941,0.0034906,0.0068602,0.0092248,0.0082108,0.0059792,0.0078966,0.0086988,0.0079253,0.0079641,0.005729,0.0082525,0.0092268,0.0062299,0.0051757,0.0063697,0.0059619,0.0091618,0.0090394,0.0062355,0.0080484,0.0086443,0.0046451,0.0077572,0.0041809,0.0080533,0.0049923,0.0079655,0.0091762,0.0076213,0.0089271,0.0072379,0.0080011,0.0093243,0.0050696,0.0088427,0.008374,0.0081212,0.0089195,0.0090299,0.0085634,0.0048707,0.0086144,0.0071022,0.005273,0.0066526,0.0077731,0.0091121,0.0070818,0.0092082,0.0075522,0.006049,0.008583,0.0061734,0.0065178,0.0086564,0.0073985,0.0030354,0.0080246,0.0087644,0.0088458,0.003939,0.00903,0.0067574,0.0074021,0.0049268,0.0088975,0.0089662,0.0070572,0.0073825,0.008575,0.0090023,0.0044604,0.0074939,0.0078603,0.006875,0.005816,0.0088592,0.0086528,0.0065792,0.0089172,0.0091572,0.0085443,0.0038331,0.0060877,0.0062779,0.0090777,0.0077345,0.0091239,0.0068137,0.0088632,0.0077307,0.0053788,0.0086922,0.0044756,0.0080106,0.0083461,0.0091923,0.0086553,0.0088205,0.0068024,0.008962,0.0064526,0.0088558,0.0050494,0.0090241,0.0055896,0.0055938,0.0037857,0.0091818,0.0047826,0.0068294,0.0034414,0.0079954,0.0092844,0.0086106,0.007491,0.0077207,0.0075547,0.0032611,0.0088836,0.0084915,0.0087707,0.0086777,0.0080808,0.009078,0.0060741,0.0088744,0.0084597,0.0080009,0.0075578,0.0057468,0.0065755,0.0083154,0.0077391,0.0071656,0.005008,0.0081261,0.0088655,0.0069191,0.0091526,0.0086635,0.0073038,0.0062038,0.007256,0.0086881,0.0066585,0.0052774,0.0084143,0.0088417,0.0090122,0.0083943,0.0036974,0.0069852,0.0092187,0.0032856,0.0034928,0.007693,0.008836,0.0073341,0.0058888,0.0086319,0.0055988,0.0079694,0.0072566,0.00455,0.0062842,0.0083173,0.008265,0.0089793,0.0092371,0.0057681,0.009178,0.0071748,0.0041213,0.0088313,0.0088699,0.008564,0.0059362,0.0087149,0.0086891,0.0086319,0.0079231,0.007631,0.0090813,0.0068267,0.00769,0.0061033,0.0075998,0.005607,0.0089775,0.0081581,0.0090968,0.0052291,0.0087847,0.0086019,0.0073597,0.0058953,0.0053596,0.0065396,0.0074916,0.0067673,0.0033289,0.0079994,0.0069949,0.0086768,0.008646,0.0083262,0.0087968,0.0090518,0.0085181,0.0055673,0.0073842,0.0084187,0.0085227,0.0070354,0.00866,0.0091373,0.00636,0.0076466,0.0076648,0.0073803,0.0080408,0.0087258,0.0060715,0.0064791,0.0055461,0.0054387,0.0080749,0.0074896,0.0077055,0.0082602,0.0069762,0.0089298,0.0092394,0.0043296,0.0062556,0.0035844,0.0087224,0.0086403,0.0089638,0.0090137,0.0076725,0.004479,0.0089457,0.0085594,0.0088581,0.0066165,0.0073508,0.0088041,0.0086894,0.008084,0.0065069,0.0083711,0.0039137,0.0083258,0.0087916,0.0075146,0.0041932,0.0083044,0.0068571,0.0030474,0.0078379,0.0086783,0.0038206,0.0090899,0.0054918,0.0073252,0.0086692,0.0086332,0.0044783,0.0077503,0.0077541,0.0079614,0.0086936,0.004571,0.0090619,0.0053077,0.0062964,0.0087424,0.0062186,0.0081261,0.0037111,0.0061684,0.0068502,0.0084968,0.0087477,0.0052102,0.0084987,0.0061639,0.0059998,0.0086106,0.0076476,0.0089918,0.0084173,0.0091731,0.0065319,0.0066093,0.0088408,0.0058775,0.0087558,0.0087549,0.0089103,0.0093215,0.0092806,0.0070442,0.00692,0.0072518,0.0078871,0.0079112,0.0086307,0.0070936,0.006707,0.0083388,0.0067837,0.0083974,0.0086287,0.0091087,0.0089211,0.0080875,0.0058257,0.0090876,0.0089358,0.0082953,0.0082253,0.0088323,0.0086135,0.0047897,0.0087199,0.0066393,0.0040254,0.006583,0.0043176,0.0048344,0.0085116,0.0069606,0.0042869,0.0082213,0.0090463,0.008832,0.0081651,0.0069168,0.004218,0.0088151,0.008976,0.0087606,0.0085341,0.0079595,0.0080523,0.0074641,0.0081077,0.0035751,0.0073212,0.0037143,0.0033744,0.0085909,0.0036693,0.0066062,0.0090575,0.0085672,0.0040719,0.0085649,0.0087112,0.0050887,0.0074112,0.0091809,0.0040641,0.0052588,0.007807,0.0081186,0.0088798,0.0063697,0.0043051,0.008405,0.0079368,0.0042273,0.0045773,0.00474,0.0081979,0.0044876,0.0051041,0.0056599,0.0082727,0.0078398,0.008931,0.0059025,0.008573,0.0087432,0.006125,0.0083351,0.007081,0.0042797,0.0092043,0.0071908,0.0088224,0.0087567,0.0091556,0.0072032,0.0076246,0.0088291,0.0090576,0.0085167,0.007757,0.0087747,0.0078984,0.0086471,0.0085291,0.0071879,0.009056,0.0083849,0.0080464,0.0046542,0.0092679,0.0089001,0.0084078,0.0089231,0.0075136,0.0085116,0.0059423,0.0064269,0.004315,0.004972,0.0090725,0.008761
705,0.051549,0.049668,0.051378,0.015949,0.039455,0.032847,0.016066,0.049252,0.052173,0.045084,0.036575,0.048897,0.034067,0.04733,0.02456,0.03846,0.044047,0.028771,0.045487,0.020401,0.039449,0.046315,0.051921,0.049073,0.039001,0.040919,0.051228,0.047097,0.050173,0.028398,0.043919,0.045543,0.015599,0.041805,0.017693,0.038782,0.024695,0.019313,0.045327,0.051604,0.052834,0.049835,0.042594,0.028471,0.04804,0.051974,0.027637,0.051897,0.041299,0.017471,0.05231,0.026273,0.015323,0.046968,0.042979,0.049483,0.051108,0.047758,0.049402,0.028561,0.026065,0.050627,0.029974,0.039265,0.044484,0.04057,0.044423,0.049073,0.019522,0.045306,0.044371,0.044213,0.039671,0.026371,0.024915,0.051342,0.035116,0.017507,0.03675,0.0525,0.045401,0.03143,0.043329,0.048778,0.043479,0.043796,0.02994,0.045704,0.052545,0.03292,0.026732,0.033764,0.031261,0.05208,0.051181,0.032939,0.044343,0.048393,0.023787,0.042441,0.021227,0.044354,0.025732,0.04375,0.052184,0.041493,0.050395,0.0391,0.044048,0.053225,0.026125,0.049779,0.046536,0.044789,0.050341,0.051109,0.047834,0.024998,0.048189,0.038261,0.027328,0.035417,0.042498,0.051721,0.038106,0.052404,0.041086,0.031841,0.047942,0.032569,0.034647,0.04844,0.040133,0.01507,0.044199,0.049239,0.049792,0.019913,0.051128,0.03604,0.040151,0.025365,0.050179,0.050669,0.037978,0.039993,0.047923,0.050883,0.022749,0.040742,0.043033,0.036831,0.030451,0.049836,0.048455,0.035002,0.050292,0.052001,0.047707,0.01934,0.032032,0.033187,0.051462,0.042251,0.051806,0.036439,0.049863,0.042275,0.027926,0.048715,0.022848,0.044107,0.046361,0.052275,0.048486,0.049628,0.036395,0.050614,0.034185,0.049823,0.026057,0.051086,0.029152,0.029179,0.019088,0.052214,0.024544,0.036566,0.017247,0.043985,0.052945,0.048168,0.04071,0.042135,0.041134,0.016286,0.050088,0.047326,0.049256,0.04861,0.044564,0.051442,0.031996,0.049991,0.047077,0.044041,0.041149,0.030057,0.035005,0.046101,0.042326,0.038658,0.025812,0.044809,0.049937,0.037121,0.05201,0.048486,0.039532,0.032694,0.03923,0.048714,0.035497,0.027312,0.046821,0.049766,0.051002,0.046682,0.018608,0.037523,0.052462,0.016393,0.017515,0.041992,0.049743,0.03972,0.03089,0.048307,0.029196,0.043823,0.039165,0.023223,0.033248,0.046163,0.045813,0.050758,0.052587,0.030194,0.052159,0.03871,0.020904,0.049694,0.049916,0.047817,0.031181,0.048889,0.048708,0.048306,0.043498,0.041624,0.051497,0.036548,0.041923,0.032147,0.041424,0.029207,0.050704,0.045059,0.051582,0.027078,0.049346,0.048115,0.039831,0.030861,0.027772,0.034791,0.040718,0.036183,0.01665,0.044032,0.037556,0.048622,0.048407,0.046225,0.049474,0.051261,0.047525,0.02898,0.039961,0.046829,0.047568,0.037842,0.048468,0.05189,0.033684,0.041716,0.041832,0.040013,0.044312,0.048927,0.031977,0.034413,0.028859,0.028212,0.044533,0.040667,0.042107,0.045745,0.037468,0.050355,0.052639,0.022045,0.033076,0.017993,0.048883,0.048368,0.050653,0.050989,0.041821,0.022862,0.050529,0.047771,0.049833,0.035258,0.039789,0.049454,0.048722,0.044568,0.03459,0.046466,0.019732,0.046174,0.04936,0.040862,0.021285,0.046056,0.036728,0.015166,0.042967,0.048644,0.019273,0.051551,0.02857,0.039665,0.048566,0.048308,0.022819,0.042389,0.042407,0.043701,0.04875,0.023314,0.05135,0.027521,0.033288,0.049085,0.032813,0.044837,0.018686,0.03251,0.036654,0.047387,0.049105,0.026971,0.04733,0.03253,0.031546,0.04815,0.041694,0.050854,0.046837,0.052153,0.034739,0.035192,0.049782,0.030808,0.049142,0.049095,0.050262,0.053194,0.05291,0.037898,0.037058,0.039162,0.043287,0.043409,0.048313,0.038169,0.035814,0.046306,0.036283,0.046701,0.048215,0.051657,0.050347,0.0446,0.030529,0.051539,0.050455,0.046008,0.045532,0.04972,0.048186,0.024579,0.048925,0.035313,0.020365,0.035056,0.021939,0.024809,0.047456,0.037296,0.021772,0.045458,0.051229,0.049713,0.045097,0.03709,0.021431,0.049553,0.050708,0.049196,0.047647,0.043726,0.044317,0.040545,0.044749,0.017953,0.039642,0.018673,0.016879,0.048038,0.018464,0.035109,0.051328,0.047875,0.020635,0.04786,0.048852,0.026278,0.04021,0.052215,0.020574,0.027221,0.042756,0.04483,0.050052,0.033685,0.021903,0.046759,0.043543,0.021472,0.023364,0.024317,0.045359,0.022892,0.026367,0.029525,0.045843,0.042985,0.050389,0.030981,0.047845,0.049092,0.032288,0.046279,0.038105,0.021713,0.052355,0.038799,0.049654,0.049192,0.051998,0.038893,0.041571,0.049702,0.051309,0.047524,0.042366,0.049315,0.043364,0.04836,0.047612,0.03871,0.051315,0.046622,0.044349,0.02384,0.052827,0.050161,0.046776,0.050338,0.040871,0.047491,0.031202,0.034049,0.021956,0.025598,0.05142,0.049193
740,0.18895,0.18816,0.19127,0.040331,0.1222,0.093714,0.040077,0.17853,0.19692,0.15204,0.10915,0.18061,0.099161,0.16443,0.065142,0.11699,0.1442,0.080153,0.14705,0.051931,0.12443,0.15816,0.18849,0.18031,0.11934,0.13382,0.18545,0.16154,0.17575,0.080788,0.1494,0.15582,0.038502,0.13565,0.045193,0.11672,0.065527,0.050817,0.15563,0.19355,0.19641,0.18904,0.14155,0.078308,0.17508,0.19414,0.076118,0.19444,0.13344,0.043968,0.19188,0.073444,0.039314,0.1544,0.13573,0.17662,0.19301,0.17006,0.18405,0.077957,0.071488,0.19524,0.085979,0.12297,0.15085,0.13036,0.15216,0.1849,0.050513,0.14868,0.14916,0.14178,0.12746,0.073613,0.068385,0.19648,0.10339,0.044295,0.10995,0.19062,0.15684,0.088907,0.14349,0.16719,0.14697,0.13886,0.084994,0.15673,0.19647,0.092309,0.074506,0.096795,0.09155,0.19532,0.18299,0.095789,0.14041,0.17306,0.061817,0.13243,0.055145,0.15018,0.067777,0.14817,0.19753,0.13639,0.18317,0.1213,0.14358,0.19624,0.072602,0.18383,0.16077,0.15385,0.18339,0.19493,0.16044,0.068951,0.17102,0.11407,0.074381,0.10785,0.14058,0.19229,0.11776,0.19342,0.1321,0.088273,0.17298,0.094302,0.10194,0.17764,0.124,0.038715,0.14123,0.17082,0.18492,0.051151,0.18626,0.11117,0.12506,0.066939,0.17758,0.18158,0.11256,0.1272,0.16813,0.19681,0.060553,0.12718,0.14546,0.11137,0.086731,0.19075,0.16474,0.10461,0.1898,0.18579,0.16742,0.049617,0.093575,0.097068,0.19573,0.13899,0.19327,0.11061,0.19116,0.13324,0.077121,0.17684,0.059887,0.14485,0.15654,0.19029,0.16909,0.17247,0.10581,0.1922,0.10327,0.18964,0.068989,0.1866,0.079229,0.079858,0.048507,0.19229,0.066068,0.10769,0.042755,0.14681,0.19557,0.16993,0.12887,0.13986,0.12679,0.041192,0.17967,0.16731,0.18183,0.16362,0.14208,0.18301,0.089638,0.18703,0.16834,0.14486,0.12614,0.084647,0.10011,0.16149,0.13485,0.11558,0.070111,0.15486,0.1733,0.11034,0.19302,0.17817,0.12115,0.097178,0.11881,0.17155,0.10598,0.076486,0.15598,0.18459,0.18572,0.15471,0.047681,0.10984,0.19121,0.042216,0.04458,0.13691,0.17431,0.11987,0.0876,0.17258,0.081549,0.13796,0.12475,0.062828,0.095377,0.15244,0.15178,0.18131,0.19097,0.08327,0.1878,0.11506,0.053876,0.17151,0.19112,0.17152,0.086936,0.16763,0.16655,0.17246,0.14491,0.12904,0.18932,0.10679,0.13937,0.093005,0.13015,0.083249,0.19542,0.15381,0.18448,0.072443,0.18358,0.1666,0.12738,0.090268,0.078426,0.10054,0.12849,0.1061,0.041847,0.14449,0.11577,0.17426,0.16422,0.15364,0.17674,0.197,0.16655,0.082301,0.12916,0.164,0.16177,0.11389,0.17745,0.18928,0.098839,0.13348,0.13417,0.12109,0.14336,0.18087,0.090876,0.101,0.08185,0.080379,0.14299,0.13103,0.13146,0.1579,0.1132,0.19345,0.19783,0.05707,0.094759,0.046384,0.18241,0.16409,0.18705,0.18066,0.13826,0.060337,0.18399,0.17252,0.19028,0.10311,0.12636,0.18698,0.16956,0.15059,0.10065,0.1649,0.052312,0.16189,0.18679,0.1295,0.055891,0.15863,0.11033,0.03798,0.13911,0.16852,0.049354,0.19631,0.079763,0.12248,0.17439,0.17361,0.061748,0.13122,0.13773,0.14911,0.16901,0.063789,0.19449,0.075528,0.097969,0.17671,0.096565,0.15308,0.047551,0.095517,0.11203,0.15996,0.17959,0.073005,0.17129,0.091694,0.08986,0.16138,0.13566,0.18826,0.16167,0.19235,0.098982,0.10502,0.17608,0.08823,0.18198,0.18524,0.18695,0.19491,0.19425,0.11427,0.11512,0.12338,0.13609,0.14519,0.16655,0.11867,0.10444,0.1579,0.10721,0.16073,0.17853,0.1838,0.17917,0.14994,0.083993,0.19512,0.18078,0.15667,0.14739,0.1803,0.17061,0.066393,0.1759,0.10821,0.053374,0.10171,0.058857,0.067908,0.16898,0.11668,0.058287,0.1581,0.19531,0.1816,0.15465,0.11254,0.054816,0.18588,0.17729,0.16817,0.16266,0.14702,0.15191,0.1231,0.14908,0.04588,0.1203,0.048783,0.043111,0.16549,0.046758,0.10742,0.18994,0.16563,0.052912,0.16504,0.17733,0.07102,0.12201,0.19482,0.054061,0.075625,0.13274,0.1462,0.18376,0.10128,0.057479,0.16003,0.14799,0.056408,0.06357,0.064472,0.14833,0.061285,0.071011,0.084014,0.15725,0.13822,0.17522,0.086093,0.17459,0.17014,0.092706,0.15232,0.11745,0.058607,0.18988,0.12028,0.17802,0.17528,0.18677,0.11638,0.13305,0.17782,0.19632,0.16079,0.14134,0.17212,0.13682,0.17825,0.1641,0.1235,0.18751,0.15912,0.1431,0.062544,0.19498,0.19011,0.15549,0.18985,0.12637,0.1633,0.088989,0.10206,0.057728,0.069916,0.19667,0.18075
783,0.22393,0.22478,0.22771,0.043695,0.13798,0.10396,0.04334,0.21044,0.23565,0.17539,0.12222,0.21396,0.11043,0.19135,0.071229,0.13159,0.16512,0.088436,0.16805,0.056378,0.14102,0.18314,0.22284,0.21331,0.13441,0.15293,0.21892,0.18736,0.20542,0.089432,0.17257,0.18043,0.041572,0.15484,0.049052,0.13103,0.071657,0.055415,0.18033,0.231,0.2341,0.22596,0.1625,0.086213,0.20646,0.2315,0.083798,0.23207,0.15214,0.047622,0.22762,0.081009,0.042671,0.17727,0.15413,0.20734,0.23073,0.19923,0.2187,0.085723,0.078608,0.23482,0.095364,0.13915,0.17418,0.14839,0.1761,0.22036,0.054954,0.17047,0.17187,0.16164,0.14502,0.081181,0.075177,0.23593,0.11542,0.048011,0.12318,0.22549,0.18201,0.098431,0.16466,0.19412,0.16946,0.1579,0.094107,0.18161,0.23451,0.1021,0.082155,0.1075,0.10195,0.23323,0.21525,0.10661,0.15965,0.20308,0.067373,0.14998,0.060056,0.17333,0.074057,0.17095,0.23661,0.1561,0.2163,0.137,0.16426,0.23339,0.080002,0.21795,0.18673,0.17823,0.2167,0.23375,0.18517,0.07586,0.20026,0.12781,0.081724,0.12116,0.1612,0.2289,0.13283,0.22991,0.15043,0.097415,0.20341,0.10486,0.11378,0.20991,0.14,0.042026,0.16088,0.199,0.21961,0.055595,0.22026,0.12523,0.14143,0.073154,0.20811,0.21363,0.12596,0.14445,0.19624,0.23703,0.066212,0.14393,0.16767,0.12503,0.096099,0.22864,0.19084,0.11709,0.22663,0.21866,0.1954,0.053911,0.1042,0.10816,0.2346,0.15916,0.23035,0.12424,0.22926,0.15119,0.084945,0.20843,0.065335,0.16599,0.18079,0.22522,0.19713,0.20107,0.11792,0.23002,0.11578,0.22692,0.075447,0.22082,0.087079,0.087869,0.052631,0.22836,0.072403,0.1203,0.04621,0.16884,0.23266,0.19866,0.14625,0.16047,0.14314,0.044632,0.21132,0.19557,0.21545,0.1891,0.16181,0.21501,0.099099,0.22265,0.19733,0.16606,0.14226,0.0936,0.11119,0.18816,0.15337,0.12958,0.07697,0.17966,0.20201,0.1235,0.22972,0.21068,0.13652,0.10857,0.13356,0.20055,0.11863,0.084419,0.17962,0.21913,0.21957,0.17793,0.051789,0.12261,0.22644,0.045858,0.048361,0.15645,0.20367,0.13469,0.097007,0.20245,0.090026,0.15663,0.14165,0.068877,0.10592,0.17512,0.17445,0.21313,0.22594,0.091767,0.22153,0.12886,0.058602,0.1996,0.22913,0.20134,0.096009,0.19465,0.19325,0.20228,0.16654,0.14588,0.22455,0.11912,0.15995,0.10339,0.14753,0.092212,0.23502,0.17794,0.2171,0.079374,0.21804,0.19383,0.1448,0.10049,0.086693,0.11186,0.14572,0.11841,0.045308,0.16554,0.1305,0.20465,0.19013,0.17676,0.20754,0.23687,0.19427,0.091099,0.14717,0.19116,0.1873,0.1278,0.20961,0.22408,0.11021,0.1519,0.15277,0.13615,0.16376,0.21433,0.10071,0.11266,0.090577,0.088995,0.16309,0.14925,0.14888,0.18326,0.12711,0.2323,0.23655,0.062135,0.1052,0.050414,0.21674,0.18997,0.22196,0.21194,0.15846,0.065894,0.21742,0.20288,0.2279,0.11498,0.14343,0.22317,0.19762,0.17374,0.11211,0.19282,0.057116,0.18867,0.22298,0.14701,0.060965,0.18404,0.12371,0.041085,0.15881,0.19617,0.053611,0.23541,0.08803,0.13824,0.2049,0.20399,0.067687,0.14836,0.1573,0.17232,0.19679,0.070054,0.23278,0.083098,0.10928,0.20786,0.1077,0.17708,0.051598,0.10649,0.12602,0.18485,0.21219,0.080134,0.20148,0.10149,0.099607,0.18626,0.15493,0.22361,0.18777,0.22852,0.10985,0.11754,0.20626,0.097865,0.21579,0.22086,0.22223,0.23137,0.23064,0.12828,0.12993,0.13978,0.15442,0.167,0.19359,0.13403,0.11642,0.18278,0.11982,0.18653,0.21151,0.216,0.21032,0.17279,0.092537,0.23354,0.21264,0.18126,0.16849,0.21264,0.19965,0.072799,0.20682,0.12171,0.058188,0.11324,0.064417,0.074618,0.19792,0.13189,0.06377,0.18378,0.23421,0.21462,0.17911,0.12644,0.059567,0.22135,0.20719,0.19517,0.18852,0.16934,0.17583,0.13853,0.17145,0.049805,0.13531,0.053134,0.046782,0.19228,0.0507,0.12078,0.2257,0.19263,0.057507,0.19179,0.20904,0.077919,0.13727,0.23229,0.058963,0.083359,0.1502,0.16735,0.21755,0.11344,0.062702,0.18547,0.17086,0.061536,0.069755,0.070487,0.16993,0.067072,0.07787,0.093044,0.18223,0.15757,0.20442,0.095019,0.20592,0.19814,0.10293,0.17486,0.13242,0.064198,0.22451,0.1358,0.20927,0.20563,0.22014,0.13052,0.15142,0.20893,0.23571,0.18593,0.16237,0.20084,0.15538,0.21092,0.19063,0.14025,0.22198,0.18428,0.16338,0.068262,0.23186,0.22726,0.17895,0.22665,0.14274,0.18958,0.09865,0.11427,0.062993,0.076818,0.23615,0.21387
842,0.225,0.22596,0.22885,0.043644,0.13824,0.10402,0.043285,0.21138,0.2369,0.17595,0.12238,0.21498,0.11053,0.19206,0.071201,0.1318,0.16557,0.088458,0.16849,0.056326,0.14131,0.18376,0.22387,0.21431,0.13464,0.15332,0.21992,0.18802,0.20623,0.089471,0.17313,0.18104,0.041515,0.15523,0.049003,0.13122,0.07163,0.055377,0.18095,0.23219,0.23529,0.22715,0.16296,0.086223,0.20739,0.23269,0.083806,0.23326,0.15251,0.047567,0.22872,0.081023,0.042625,0.17779,0.15448,0.20822,0.23194,0.20005,0.21978,0.085728,0.078606,0.23614,0.095421,0.13942,0.17474,0.14874,0.1767,0.22149,0.054909,0.17095,0.1724,0.16204,0.14536,0.081194,0.075172,0.23724,0.11555,0.047959,0.12335,0.22653,0.18265,0.098482,0.16513,0.19481,0.17,0.15826,0.094152,0.18223,0.23572,0.10215,0.082168,0.10758,0.10204,0.23445,0.21618,0.10671,0.16002,0.20393,0.067333,0.15029,0.060013,0.17388,0.074028,0.1715,0.23788,0.15651,0.21729,0.13725,0.1647,0.23454,0.08001,0.219,0.1874,0.17884,0.21769,0.23502,0.18577,0.075859,0.20107,0.12798,0.081721,0.12134,0.16166,0.23005,0.13307,0.23104,0.15078,0.097448,0.20429,0.10495,0.1139,0.21088,0.14025,0.04198,0.16127,0.19975,0.22069,0.055547,0.22128,0.12544,0.1417,0.073126,0.20897,0.21456,0.12612,0.14476,0.197,0.23838,0.066183,0.14421,0.16819,0.12521,0.096152,0.22989,0.1915,0.11724,0.22781,0.21961,0.19616,0.053863,0.10429,0.10826,0.23587,0.15959,0.23152,0.12443,0.23051,0.15152,0.084956,0.20935,0.065298,0.16645,0.18138,0.22628,0.19789,0.20184,0.11804,0.23125,0.11593,0.22813,0.075422,0.22186,0.087082,0.087878,0.052579,0.22948,0.072385,0.12044,0.046151,0.16935,0.23381,0.19945,0.14657,0.16093,0.14341,0.044581,0.21224,0.19635,0.21648,0.18972,0.1622,0.21593,0.099143,0.22378,0.19815,0.16652,0.14252,0.093639,0.11128,0.18887,0.15373,0.12976,0.076961,0.18029,0.20278,0.12366,0.23087,0.21166,0.13676,0.10869,0.13377,0.20135,0.11878,0.084439,0.18018,0.2202,0.22058,0.17847,0.05174,0.12275,0.22751,0.045812,0.04831,0.15685,0.20448,0.1349,0.097057,0.2033,0.090053,0.15698,0.14196,0.068858,0.10599,0.17563,0.17497,0.21404,0.227,0.091787,0.22253,0.12904,0.058555,0.20035,0.23038,0.20219,0.096044,0.19535,0.19393,0.20313,0.16702,0.14617,0.22563,0.11925,0.1604,0.10347,0.14784,0.092258,0.23634,0.17854,0.21804,0.079358,0.21911,0.19454,0.14513,0.10057,0.086722,0.11195,0.14603,0.11854,0.045254,0.166,0.13072,0.20552,0.19078,0.1773,0.20842,0.2382,0.19502,0.09114,0.14752,0.19189,0.18793,0.12798,0.21057,0.22513,0.11032,0.15226,0.15313,0.13637,0.16418,0.21535,0.10077,0.11277,0.090616,0.089035,0.1635,0.1496,0.14918,0.18391,0.12729,0.23359,0.2378,0.062091,0.10527,0.050368,0.21781,0.19062,0.22304,0.21282,0.1589,0.06586,0.21842,0.20376,0.22913,0.1151,0.14374,0.22433,0.19837,0.1743,0.11221,0.19359,0.057081,0.18938,0.22414,0.14733,0.060927,0.18468,0.12388,0.041033,0.15922,0.1969,0.053561,0.23669,0.088053,0.13849,0.20578,0.20486,0.067668,0.14865,0.15771,0.17289,0.19752,0.070042,0.23402,0.083102,0.10939,0.20877,0.1078,0.17767,0.051546,0.10659,0.12621,0.18546,0.21317,0.080126,0.20236,0.10155,0.099666,0.18686,0.15532,0.22471,0.18844,0.22964,0.10993,0.11768,0.20711,0.097925,0.21683,0.222,0.22333,0.23249,0.23176,0.12847,0.13016,0.14007,0.15476,0.1675,0.19429,0.13427,0.11654,0.1834,0.11996,0.18719,0.21251,0.21692,0.21121,0.17333,0.092557,0.23479,0.21356,0.18187,0.16894,0.2136,0.20046,0.072783,0.20771,0.1219,0.058149,0.11335,0.064391,0.074611,0.19873,0.13213,0.063743,0.18445,0.23549,0.21561,0.17973,0.12663,0.059517,0.22247,0.20801,0.19587,0.18917,0.16987,0.17642,0.13876,0.17197,0.049756,0.13553,0.053092,0.046733,0.19298,0.050647,0.12096,0.22681,0.19334,0.057459,0.19248,0.20997,0.077908,0.13749,0.23348,0.058924,0.083372,0.1505,0.16781,0.21858,0.11358,0.062665,0.18611,0.17141,0.061499,0.06974,0.070458,0.17041,0.067046,0.077856,0.09309,0.18286,0.15795,0.20521,0.09505,0.20684,0.19888,0.103,0.17536,0.13265,0.064174,0.22555,0.13605,0.21017,0.20649,0.22111,0.1307,0.15177,0.20982,0.23702,0.18655,0.16284,0.20161,0.15573,0.21191,0.19132,0.14055,0.22302,0.18491,0.16379,0.068227,0.23301,0.22846,0.1795,0.22783,0.14301,0.19025,0.098708,0.11441,0.062956,0.076812,0.23746,0.21487
865,0.22445,0.2254,0.22828,0.04354,0.13793,0.10379,0.043182,0.21087,0.2363,0.17554,0.12211,0.21446,0.11028,0.19161,0.071037,0.1315,0.16519,0.088256,0.1681,0.056194,0.141,0.18334,0.22332,0.21379,0.13434,0.15298,0.21938,0.18758,0.20574,0.089268,0.17273,0.18063,0.041416,0.15488,0.048887,0.13093,0.071465,0.055247,0.18054,0.23161,0.23469,0.22659,0.16259,0.086026,0.20689,0.23211,0.083614,0.23268,0.15216,0.047455,0.22815,0.080838,0.042524,0.17738,0.15413,0.20772,0.23136,0.19957,0.21924,0.085532,0.078426,0.23555,0.095204,0.13911,0.17434,0.14841,0.17629,0.22095,0.05478,0.17056,0.172,0.16167,0.14503,0.081009,0.074999,0.23664,0.11529,0.047845,0.12307,0.22597,0.18223,0.098258,0.16475,0.19435,0.16961,0.1579,0.093939,0.18181,0.23513,0.10192,0.081981,0.10734,0.10181,0.23386,0.21566,0.10646,0.15966,0.20345,0.067177,0.14995,0.059873,0.17348,0.073857,0.1711,0.23728,0.15616,0.21676,0.13694,0.16433,0.23395,0.079827,0.21847,0.18697,0.17843,0.21716,0.23443,0.18533,0.075685,0.2006,0.12769,0.081534,0.12107,0.16129,0.22948,0.13277,0.23046,0.15044,0.097227,0.2038,0.10471,0.11364,0.21037,0.13994,0.04188,0.16091,0.19928,0.22015,0.055417,0.22074,0.12516,0.14138,0.072957,0.20847,0.21404,0.12583,0.14444,0.19654,0.23778,0.066029,0.14389,0.16781,0.12493,0.095933,0.22932,0.19105,0.11697,0.22725,0.21907,0.19569,0.053736,0.10405,0.10801,0.23528,0.15923,0.23094,0.12415,0.22994,0.15117,0.084762,0.20885,0.065146,0.16607,0.18096,0.22572,0.19742,0.20136,0.11777,0.23068,0.11567,0.22756,0.075248,0.22131,0.086883,0.087677,0.052455,0.22891,0.072218,0.12016,0.046042,0.16896,0.23323,0.19898,0.14624,0.16056,0.14309,0.044475,0.21173,0.19588,0.21595,0.18928,0.16183,0.21541,0.098918,0.22323,0.19768,0.16614,0.1422,0.093426,0.11102,0.18843,0.15338,0.12947,0.076784,0.17988,0.2023,0.12338,0.23029,0.21115,0.13645,0.10844,0.13347,0.20087,0.11852,0.084246,0.17976,0.21966,0.22004,0.17805,0.051618,0.12247,0.22694,0.045703,0.048196,0.1565,0.20399,0.13459,0.096837,0.20281,0.089848,0.15662,0.14164,0.068699,0.10575,0.17523,0.17457,0.21352,0.22643,0.091577,0.22198,0.12874,0.058419,0.19987,0.22981,0.20171,0.095826,0.19489,0.19347,0.20264,0.16664,0.14584,0.22507,0.11898,0.16004,0.10324,0.1475,0.092048,0.23575,0.17813,0.21751,0.079176,0.21857,0.19409,0.1448,0.10035,0.086524,0.1117,0.1457,0.11828,0.045146,0.16562,0.13043,0.20503,0.19033,0.17689,0.20792,0.23759,0.19456,0.090933,0.14719,0.19144,0.18749,0.1277,0.21007,0.22457,0.11007,0.15191,0.15279,0.13606,0.16381,0.21483,0.10054,0.11252,0.09041,0.088833,0.16312,0.14927,0.14884,0.18348,0.12701,0.23301,0.23719,0.061946,0.10504,0.050249,0.21728,0.19017,0.22249,0.21231,0.15854,0.065708,0.21789,0.20328,0.22857,0.11484,0.14342,0.22378,0.1979,0.1739,0.11196,0.19313,0.056947,0.18894,0.22359,0.147,0.060785,0.18426,0.1236,0.040935,0.15885,0.19644,0.053435,0.2361,0.087853,0.13818,0.20529,0.20438,0.067511,0.14831,0.15735,0.17249,0.19706,0.069881,0.23343,0.082912,0.10915,0.20827,0.10756,0.17726,0.051425,0.10635,0.12593,0.18502,0.21266,0.079942,0.20188,0.10132,0.09944,0.18643,0.15497,0.22415,0.188,0.22907,0.10968,0.11742,0.20661,0.097703,0.2163,0.22146,0.22278,0.23191,0.23118,0.12818,0.12987,0.13975,0.15441,0.16711,0.19384,0.13397,0.11628,0.18297,0.11969,0.18676,0.212,0.21639,0.2107,0.17293,0.092346,0.2342,0.21305,0.18145,0.16855,0.21308,0.19998,0.072615,0.20722,0.12162,0.058013,0.11309,0.064242,0.07444,0.19826,0.13183,0.063595,0.18402,0.2349,0.21509,0.17931,0.12634,0.059378,0.22192,0.20751,0.1954,0.18873,0.16948,0.17602,0.13844,0.17157,0.049638,0.13522,0.052967,0.046622,0.19253,0.050528,0.12069,0.22624,0.19288,0.057324,0.19203,0.20947,0.077729,0.13718,0.23289,0.058787,0.083182,0.15016,0.16742,0.21805,0.11332,0.062519,0.18568,0.17102,0.061355,0.069579,0.070296,0.17001,0.066891,0.077678,0.092879,0.18244,0.15759,0.20472,0.094834,0.20635,0.19841,0.10277,0.17496,0.13235,0.064026,0.22499,0.13574,0.20967,0.20599,0.22057,0.13041,0.15142,0.20932,0.23642,0.18611,0.16247,0.20113,0.15537,0.2114,0.19087,0.14023,0.22247,0.18448,0.16342,0.068069,0.23243,0.22789,0.17909,0.22727,0.14269,0.18981,0.098485,0.11415,0.06281,0.076636,0.23686,0.21435
945,0.2129,0.21376,0.21637,0.042217,0.13257,0.10013,0.04187,0.20052,0.22361,0.16788,0.11757,0.2038,0.10633,0.18279,0.068737,0.12649,0.15822,0.085272,0.16094,0.054438,0.13547,0.17513,0.21187,0.20319,0.12917,0.14675,0.20829,0.17906,0.19581,0.086241,0.16526,0.17261,0.040162,0.14854,0.047384,0.12594,0.069149,0.053524,0.17253,0.21938,0.22216,0.21484,0.15578,0.083134,0.19688,0.21983,0.08082,0.22035,0.14599,0.046,0.21625,0.078156,0.041234,0.16959,0.14783,0.19763,0.21916,0.19015,0.20817,0.08266,0.07584,0.22293,0.091925,0.13368,0.16676,0.14245,0.16857,0.20972,0.053073,0.16323,0.16458,0.15491,0.13927,0.07832,0.072547,0.22391,0.11109,0.046377,0.11849,0.21428,0.1741,0.094846,0.1578,0.18533,0.16234,0.15138,0.090714,0.17371,0.22255,0.098343,0.079253,0.10351,0.098243,0.22141,0.2049,0.10268,0.15303,0.19371,0.065022,0.1439,0.057986,0.16596,0.07145,0.16374,0.22449,0.14975,0.2059,0.13163,0.1574,0.22149,0.077186,0.20746,0.1785,0.17056,0.20627,0.22193,0.17698,0.073207,0.19109,0.12288,0.078824,0.11659,0.15456,0.21745,0.12769,0.21835,0.14437,0.09386,0.19404,0.10101,0.10952,0.20007,0.13447,0.040612,0.1542,0.18987,0.20899,0.053688,0.20953,0.12047,0.13583,0.070584,0.19832,0.20342,0.12111,0.13871,0.18735,0.22494,0.063917,0.1382,0.16066,0.12026,0.092623,0.21731,0.18228,0.1127,0.21543,0.20801,0.18657,0.052066,0.10038,0.10416,0.22269,0.15263,0.21878,0.11951,0.21787,0.14506,0.081922,0.19867,0.063067,0.15904,0.17292,0.21405,0.18816,0.19179,0.11346,0.21854,0.11146,0.21572,0.072786,0.21005,0.083956,0.084717,0.050829,0.21694,0.069873,0.11573,0.044635,0.16173,0.22084,0.1896,0.14041,0.15387,0.13744,0.04312,0.20131,0.18675,0.20517,0.18064,0.15507,0.20467,0.095477,0.21179,0.1884,0.1591,0.1366,0.090224,0.10703,0.17985,0.14713,0.12456,0.074263,0.17191,0.19265,0.11879,0.21819,0.20078,0.13117,0.10457,0.12835,0.19135,0.11416,0.081427,0.17181,0.20855,0.20889,0.17022,0.050021,0.11792,0.21516,0.044308,0.046716,0.15006,0.19421,0.12941,0.093487,0.19313,0.086797,0.15018,0.13607,0.066488,0.10201,0.16759,0.16697,0.20295,0.2147,0.088454,0.21066,0.12387,0.056583,0.19042,0.21775,0.19212,0.09252,0.18583,0.18452,0.19297,0.15957,0.14003,0.21346,0.1146,0.15338,0.099604,0.1416,0.088904,0.22311,0.17029,0.20659,0.076561,0.20756,0.18509,0.13905,0.096843,0.083611,0.10768,0.13991,0.11393,0.043769,0.15861,0.12547,0.19517,0.18161,0.16914,0.19782,0.22477,0.18552,0.087836,0.1413,0.18264,0.17899,0.12288,0.19978,0.21301,0.10613,0.14575,0.14658,0.1308,0.15692,0.20414,0.097027,0.10845,0.087335,0.085824,0.15628,0.14326,0.14287,0.17526,0.12223,0.22064,0.22441,0.059984,0.10132,0.048699,0.20638,0.18147,0.21112,0.20184,0.15198,0.063607,0.20693,0.19356,0.21663,0.11066,0.13775,0.21229,0.18861,0.16634,0.10792,0.1842,0.055164,0.18033,0.21212,0.14113,0.058865,0.17598,0.11899,0.039697,0.15228,0.18726,0.051776,0.22342,0.084885,0.13281,0.1954,0.19457,0.065344,0.14237,0.15086,0.16504,0.18783,0.067625,0.22103,0.080147,0.10524,0.19814,0.10373,0.16948,0.049834,0.10257,0.1212,0.1767,0.20215,0.077296,0.19227,0.097771,0.095976,0.178,0.14863,0.21263,0.17946,0.21709,0.10575,0.11312,0.19662,0.094315,0.20548,0.21018,0.21138,0.21965,0.219,0.12334,0.12494,0.13429,0.1481,0.16001,0.18486,0.12883,0.11203,0.17479,0.11528,0.1783,0.20156,0.20557,0.20037,0.16544,0.089189,0.22171,0.20251,0.17338,0.16135,0.20254,0.19052,0.070255,0.19717,0.11711,0.056192,0.109,0.062195,0.072009,0.18893,0.1268,0.061573,0.17577,0.22235,0.20438,0.17139,0.1216,0.057509,0.2106,0.19745,0.1863,0.18013,0.16222,0.16832,0.13306,0.16418,0.048109,0.13001,0.051324,0.045196,0.18364,0.048968,0.11623,0.21453,0.18397,0.055528,0.18318,0.19924,0.075171,0.13186,0.22054,0.056938,0.080405,0.1441,0.1603,0.20708,0.10922,0.060536,0.1773,0.16366,0.059414,0.067334,0.068024,0.16272,0.064747,0.075121,0.0897,0.17429,0.15109,0.19488,0.091571,0.19638,0.18908,0.099156,0.16734,0.12729,0.061987,0.21339,0.1305,0.19942,0.19605,0.20938,0.12545,0.1453,0.1991,0.22371,0.1777,0.15566,0.19159,0.14901,0.20101,0.18212,0.13475,0.2111,0.17619,0.15655,0.065881,0.22012,0.21602,0.17118,0.21546,0.13706,0.18113,0.095062,0.11001,0.060816,0.07412,0.22411,0.2037
1375,0.088631,0.088829,0.089418,0.023985,0.064622,0.051729,0.023801,0.085658,0.090989,0.07655,0.058896,0.086471,0.054337,0.080939,0.037445,0.062348,0.073502,0.045191,0.074377,0.030345,0.065684,0.078732,0.088395,0.086322,0.06336,0.069676,0.087555,0.079877,0.084458,0.045629,0.07574,0.077984,0.02289,0.070289,0.026707,0.062141,0.037644,0.029879,0.077959,0.090082,0.090682,0.089073,0.072707,0.044217,0.084732,0.09018,0.043154,0.090292,0.069413,0.025983,0.089392,0.041918,0.023462,0.077073,0.070046,0.084926,0.090034,0.082962,0.087526,0.044,0.040833,0.090846,0.048168,0.065033,0.076204,0.068182,0.076764,0.087892,0.029649,0.075104,0.075528,0.072423,0.067054,0.041994,0.039274,0.091053,0.056296,0.026181,0.059258,0.088947,0.078428,0.049449,0.073369,0.081647,0.074823,0.071248,0.047632,0.078312,0.090766,0.050963,0.042428,0.053162,0.05092,0.090521,0.086739,0.052812,0.071798,0.08391,0.035636,0.068689,0.032142,0.075957,0.038749,0.075264,0.091174,0.070697,0.086983,0.064278,0.073238,0.09054,0.041465,0.087357,0.079714,0.077369,0.087072,0.090632,0.079274,0.039587,0.083215,0.060966,0.042229,0.058507,0.072306,0.089659,0.062802,0.089856,0.068852,0.049018,0.083995,0.052103,0.055656,0.085544,0.065319,0.02313,0.072187,0.082888,0.087721,0.029963,0.087848,0.060035,0.065817,0.038334,0.085102,0.086378,0.060284,0.066856,0.082203,0.091267,0.035093,0.06667,0.074289,0.05995,0.048475,0.089627,0.080793,0.056947,0.089208,0.087489,0.081989,0.029132,0.051835,0.053434,0.090795,0.071664,0.08995,0.05966,0.089751,0.069091,0.043661,0.085191,0.034674,0.073768,0.078077,0.088894,0.082425,0.083402,0.057253,0.089898,0.056446,0.089273,0.039387,0.08797,0.044592,0.044939,0.028495,0.089544,0.037993,0.058164,0.025265,0.074631,0.090399,0.082814,0.06746,0.07208,0.066398,0.024464,0.085854,0.082038,0.086805,0.080329,0.072473,0.086683,0.049724,0.088376,0.08249,0.073789,0.066095,0.047414,0.054629,0.080104,0.069807,0.061615,0.040089,0.077776,0.083631,0.059374,0.089822,0.085722,0.064105,0.053604,0.063052,0.083283,0.057537,0.043434,0.077743,0.087617,0.087698,0.077264,0.028078,0.059034,0.089146,0.025092,0.026358,0.070805,0.08404,0.063451,0.048855,0.083756,0.04588,0.070844,0.065903,0.036353,0.052525,0.07646,0.07627,0.086262,0.089041,0.046624,0.088113,0.061351,0.031434,0.083035,0.089725,0.083488,0.04843,0.081786,0.081423,0.083715,0.073939,0.067326,0.088761,0.057713,0.071917,0.051504,0.067882,0.046826,0.090884,0.077285,0.087149,0.041172,0.08738,0.08158,0.066977,0.050316,0.044435,0.054896,0.067281,0.057445,0.024808,0.07363,0.061961,0.08429,0.080606,0.076935,0.084974,0.091233,0.081701,0.046348,0.067777,0.080896,0.079855,0.060968,0.085473,0.088657,0.054254,0.069331,0.069615,0.063969,0.07308,0.086555,0.050396,0.055217,0.046122,0.045441,0.072871,0.068465,0.068326,0.078771,0.060716,0.090356,0.091158,0.033143,0.052235,0.027392,0.087097,0.080564,0.08822,0.085986,0.071448,0.034941,0.087231,0.083868,0.089476,0.056122,0.06651,0.088492,0.082546,0.076077,0.054998,0.081334,0.030715,0.08024,0.088452,0.067715,0.032583,0.078982,0.059455,0.02264,0.071548,0.082178,0.028983,0.09095,0.045015,0.064711,0.084351,0.084133,0.035794,0.068151,0.071073,0.07567,0.082334,0.036906,0.090439,0.042843,0.053886,0.085055,0.053252,0.077041,0.027981,0.052764,0.060319,0.079191,0.086066,0.041516,0.083528,0.050717,0.049941,0.07957,0.070317,0.08857,0.07999,0.089577,0.054098,0.057116,0.084665,0.049217,0.086882,0.088001,0.088281,0.090141,0.089998,0.061144,0.061759,0.065256,0.070137,0.074081,0.081515,0.063231,0.056679,0.078632,0.057984,0.079658,0.085917,0.086903,0.085619,0.075798,0.046953,0.090587,0.086154,0.078212,0.074509,0.086162,0.083063,0.038176,0.084808,0.058714,0.031236,0.055442,0.034243,0.039017,0.082635,0.062468,0.033934,0.078919,0.090722,0.086613,0.077617,0.060472,0.031901,0.0881,0.084878,0.081916,0.080184,0.074785,0.076686,0.064803,0.075402,0.027085,0.063674,0.02875,0.02556,0.081178,0.027532,0.058363,0.089003,0.08127,0.0309,0.081049,0.085335,0.040518,0.064361,0.090334,0.031614,0.042962,0.068758,0.074173,0.087265,0.055532,0.033419,0.079367,0.075239,0.032858,0.036765,0.037099,0.074944,0.035501,0.040494,0.047181,0.078485,0.071151,0.084215,0.048011,0.084603,0.082674,0.051312,0.076383,0.062653,0.03414,0.088744,0.063857,0.08538,0.084519,0.087812,0.061954,0.069173,0.0853,0.091011,0.079484,0.07267,0.083347,0.070447,0.085779,0.080748,0.065422,0.088216,0.079042,0.072961,0.036056,0.090243,0.089339,0.077554,0.089212,0.066262,0.080468,0.049543,0.055854,0.033558,0.040021,0.091094,0.086448
1610,0.069109,0.069249,0.069663,0.01965,0.05152,0.041643,0.019501,0.067003,0.070762,0.060411,0.047165,0.067582,0.043661,0.063612,0.030433,0.049796,0.058164,0.036545,0.058811,0.02477,0.052322,0.062008,0.068943,0.067476,0.050565,0.055319,0.06835,0.062842,0.066146,0.036888,0.059816,0.061462,0.018764,0.055776,0.021846,0.049639,0.030591,0.024396,0.061443,0.070129,0.070548,0.069421,0.057576,0.03578,0.066342,0.070197,0.034945,0.070275,0.055122,0.021263,0.069644,0.033971,0.019227,0.060795,0.055596,0.066481,0.070095,0.065073,0.06833,0.03561,0.033115,0.070662,0.038873,0.05183,0.060157,0.0542,0.060568,0.068589,0.024211,0.059348,0.05966,0.057365,0.053354,0.034032,0.031883,0.070806,0.04517,0.021422,0.047441,0.069332,0.061786,0.039872,0.058066,0.064124,0.05914,0.056491,0.038455,0.061701,0.070606,0.041049,0.034374,0.042753,0.041016,0.070435,0.067772,0.042482,0.056901,0.065753,0.028996,0.05458,0.026208,0.059976,0.031468,0.059466,0.07089,0.056081,0.067945,0.051259,0.057969,0.070448,0.033614,0.06821,0.062723,0.061011,0.068008,0.070512,0.062403,0.032131,0.065254,0.048745,0.034217,0.046866,0.057278,0.069832,0.050141,0.06997,0.054703,0.039536,0.065815,0.041934,0.044678,0.066922,0.052047,0.018959,0.05719,0.06502,0.068467,0.024464,0.068557,0.048035,0.052422,0.031139,0.066606,0.067515,0.048225,0.053204,0.064525,0.070955,0.028564,0.053064,0.058746,0.04797,0.039113,0.069809,0.063506,0.04567,0.069515,0.068304,0.064372,0.023797,0.041726,0.042963,0.070626,0.056801,0.070036,0.047748,0.069896,0.054881,0.035344,0.06667,0.02823,0.058361,0.06153,0.069295,0.064686,0.065389,0.045905,0.069999,0.045285,0.069561,0.031973,0.068644,0.036075,0.036347,0.023285,0.069752,0.030868,0.046604,0.020684,0.058999,0.07035,0.064966,0.053659,0.05711,0.05286,0.020038,0.067143,0.064406,0.067819,0.06317,0.057402,0.067733,0.040086,0.06893,0.064733,0.058376,0.052632,0.038285,0.043887,0.063006,0.055417,0.049239,0.032527,0.061309,0.065553,0.04753,0.069946,0.067049,0.051129,0.043095,0.050331,0.065303,0.046123,0.035165,0.061286,0.068394,0.068451,0.060935,0.02295,0.04727,0.069472,0.020545,0.021565,0.056161,0.065847,0.050634,0.039409,0.065643,0.037085,0.05619,0.052487,0.029566,0.042261,0.060345,0.060206,0.067433,0.069398,0.037667,0.068744,0.049038,0.025642,0.065125,0.069878,0.06545,0.039078,0.064224,0.063962,0.065614,0.058488,0.053558,0.069201,0.046258,0.056989,0.041469,0.053976,0.037825,0.070689,0.06095,0.068063,0.033383,0.068227,0.064076,0.053296,0.040547,0.035952,0.044093,0.053524,0.046053,0.020315,0.058259,0.049502,0.066026,0.06337,0.060693,0.066515,0.070931,0.064163,0.037451,0.053896,0.063581,0.062826,0.048747,0.066871,0.069128,0.043597,0.055061,0.055273,0.051026,0.057852,0.067641,0.040609,0.04434,0.037275,0.036741,0.057697,0.054413,0.054308,0.062036,0.048554,0.07032,0.070879,0.027008,0.042035,0.022398,0.068026,0.06334,0.06882,0.067237,0.05664,0.028442,0.068121,0.065724,0.069703,0.045036,0.052944,0.069012,0.064773,0.060064,0.044171,0.063898,0.025066,0.063105,0.068984,0.05385,0.026561,0.06219,0.047592,0.018563,0.056714,0.064508,0.023677,0.070735,0.036407,0.051587,0.06607,0.065913,0.029121,0.054177,0.056361,0.059765,0.06462,0.030005,0.070378,0.0347,0.043313,0.066573,0.042823,0.060771,0.022872,0.042446,0.048252,0.062342,0.067293,0.033655,0.06548,0.040858,0.040255,0.062618,0.055797,0.069067,0.062924,0.069775,0.043476,0.045801,0.066294,0.039691,0.067874,0.068666,0.068863,0.070169,0.07007,0.048881,0.049349,0.051999,0.055663,0.058592,0.064029,0.050466,0.045464,0.061934,0.046466,0.062682,0.067188,0.067888,0.066975,0.059858,0.037924,0.070481,0.067356,0.061628,0.058909,0.067362,0.065145,0.031014,0.066397,0.047025,0.025484,0.044514,0.027886,0.03168,0.064837,0.049887,0.02764,0.062144,0.070575,0.067683,0.061193,0.048369,0.026016,0.068736,0.066447,0.064319,0.063064,0.059112,0.060511,0.051656,0.059567,0.022151,0.050802,0.02349,0.020922,0.063785,0.022511,0.046757,0.069371,0.063852,0.025214,0.063691,0.066773,0.032866,0.051323,0.070305,0.025786,0.034794,0.054632,0.05866,0.068145,0.044582,0.027228,0.06247,0.059447,0.026781,0.029893,0.030159,0.059229,0.028888,0.032848,0.038102,0.061827,0.056419,0.065973,0.038751,0.06625,0.064865,0.04132,0.060289,0.050028,0.027804,0.06919,0.050941,0.066805,0.06619,0.068532,0.049497,0.054943,0.066748,0.070777,0.062556,0.057548,0.065349,0.055894,0.06709,0.063473,0.052124,0.068817,0.062234,0.057764,0.02933,0.070241,0.069608,0.061147,0.069519,0.052757,0.06327,0.039945,0.044831,0.02734,0.032474,0.070835,0.067565
2190,0.019594,0.019625,0.019714,0.0064413,0.015444,0.01285,0.0063949,0.019132,0.01995,0.017622,0.014322,0.01926,0.013394,0.018367,0.0096902,0.015004,0.017086,0.01144,0.017241,0.0080094,0.015647,0.017996,0.019558,0.019237,0.015201,0.016394,0.019429,0.018189,0.018941,0.011537,0.017481,0.017868,0.0061652,0.016506,0.0071196,0.014964,0.0097362,0.0078965,0.017864,0.019815,0.019904,0.019662,0.016944,0.011225,0.018985,0.019829,0.010989,0.019846,0.016345,0.0069402,0.01971,0.010712,0.0063097,0.017712,0.016462,0.019016,0.019807,0.018699,0.019424,0.011177,0.010467,0.019929,0.01209,0.015523,0.017562,0.016117,0.017659,0.019481,0.0078405,0.017369,0.017444,0.016893,0.015906,0.010729,0.010111,0.01996,0.013797,0.0069893,0.014395,0.019643,0.017944,0.012365,0.017062,0.018484,0.01732,0.016681,0.011974,0.017924,0.019917,0.012688,0.010826,0.01315,0.012679,0.01988,0.019302,0.013077,0.016781,0.018853,0.009269,0.016211,0.0084416,0.017519,0.0099912,0.017398,0.019978,0.01658,0.01934,0.015378,0.017039,0.019883,0.01061,0.019398,0.018162,0.017763,0.019354,0.019897,0.018088,0.010183,0.01874,0.014734,0.010782,0.014244,0.016872,0.019751,0.015093,0.01978,0.016241,0.012273,0.018867,0.012928,0.013666,0.019114,0.015578,0.0062259,0.016851,0.018687,0.019455,0.0079168,0.019474,0.014549,0.015672,0.0098958,0.019044,0.019245,0.014599,0.015869,0.018575,0.019991,0.0091417,0.015834,0.017226,0.014533,0.012156,0.019746,0.018342,0.013929,0.019682,0.019419,0.01854,0.0077148,0.012872,0.013207,0.019921,0.016756,0.019795,0.014475,0.019765,0.016286,0.011102,0.019058,0.009043,0.017133,0.017884,0.019635,0.018612,0.018771,0.013991,0.019787,0.013827,0.019692,0.010137,0.019493,0.011308,0.011385,0.0075594,0.019733,0.009817,0.014175,0.0067616,0.017286,0.019862,0.018675,0.015982,0.016831,0.015782,0.0065615,0.019163,0.018548,0.019312,0.018265,0.016902,0.019293,0.012424,0.019555,0.018622,0.017137,0.015725,0.011927,0.013455,0.018227,0.016418,0.014861,0.010297,0.017833,0.018808,0.014418,0.019775,0.019142,0.015345,0.013242,0.015141,0.018751,0.014049,0.011051,0.017827,0.019438,0.019451,0.017745,0.0074571,0.01435,0.019673,0.0067185,0.0070332,0.0166,0.018874,0.015219,0.012238,0.018828,0.011592,0.016607,0.015689,0.0094365,0.013017,0.017606,0.017573,0.019227,0.019657,0.011755,0.019515,0.014809,0.008272,0.018711,0.019761,0.018785,0.012146,0.018507,0.018447,0.018821,0.017164,0.015957,0.019614,0.014084,0.016802,0.012802,0.016061,0.011799,0.019935,0.017749,0.019366,0.010543,0.019402,0.018473,0.015891,0.01255,0.011274,0.01351,0.015948,0.01403,0.0066475,0.017109,0.014929,0.018914,0.018311,0.017688,0.019023,0.019986,0.018493,0.011694,0.016041,0.01836,0.018186,0.014734,0.019103,0.019599,0.013377,0.01633,0.016382,0.015319,0.017011,0.019273,0.012567,0.013576,0.011645,0.011496,0.016973,0.01617,0.016144,0.018002,0.014684,0.019856,0.019975,0.0086805,0.012956,0.0072887,0.019358,0.018304,0.019532,0.019184,0.016717,0.0091058,0.019379,0.018846,0.019723,0.013761,0.015803,0.019573,0.018632,0.017539,0.013531,0.018432,0.0080987,0.01825,0.019567,0.01603,0.0085471,0.018038,0.014434,0.0061023,0.016735,0.018571,0.0076784,0.019944,0.011402,0.015461,0.018924,0.018889,0.0093059,0.016111,0.016649,0.017469,0.018597,0.0095653,0.019868,0.010919,0.013301,0.019036,0.013169,0.017706,0.0074335,0.013067,0.014606,0.018074,0.019196,0.010621,0.018791,0.012636,0.01247,0.018138,0.016511,0.019585,0.018208,0.019738,0.013345,0.013964,0.018974,0.012316,0.019324,0.019498,0.019541,0.019823,0.019802,0.014769,0.014889,0.015565,0.016478,0.017189,0.018462,0.015176,0.013875,0.017979,0.014139,0.018152,0.019173,0.019327,0.019126,0.017491,0.011826,0.01989,0.01921,0.017907,0.017265,0.019211,0.018716,0.0098593,0.018997,0.014286,0.0082244,0.013622,0.0089413,0.010053,0.018646,0.015028,0.0088683,0.018028,0.01991,0.019282,0.017806,0.014636,0.0083841,0.019513,0.019008,0.018528,0.018241,0.017313,0.017645,0.015479,0.017422,0.007213,0.015262,0.0076217,0.0068351,0.018406,0.0073231,0.014215,0.019651,0.018421,0.0081433,0.018385,0.019081,0.010395,0.015394,0.019852,0.0083151,0.010946,0.016224,0.017205,0.019384,0.013641,0.008746,0.018103,0.017393,0.0086128,0.0095324,0.0096102,0.017341,0.0092374,0.01039,0.011876,0.017954,0.016663,0.018902,0.012056,0.018964,0.018652,0.012762,0.017593,0.015064,0.0089169,0.019612,0.015297,0.019088,0.018951,0.019469,0.014928,0.016301,0.019075,0.019953,0.018123,0.016937,0.018762,0.016535,0.019151,0.018335,0.015597,0.019531,0.018049,0.01699,0.0093673,0.019839,0.019702,0.017795,0.019683,0.015757,0.018288,0.012386,0.013707,0.0087791,0.010282,0.019966,0.019256
