0,44.087,46.218,44.63,44.945,44.716,44.134,44.009,45.149,44.507,45.124,44.499,45.953,44.543,44.9,44.038,44.427,44.57,44.84,43.315,43.426,45.525,44.881,43.591,45.68,44.416,46.268,43.921,44.591,43.537,46.171,46.126,45.397,43.519,45.447,44.821,43.783,44.002,45.965,45.651,44.694,43.694,46.146,45.976,44.283,46.069,44.351,44.751,44.482,45.548,43.973,43.648,46.248,46.177,43.154,43.706,44.527,45.197,45.481,45.896,43.824,45.262,46.086,45.827,45.307,45.677,45.717,46.091,46.444,44.819,43.98,45.411,43.675,46.212,46.12,45.859,45.407,44.584,44.297,44.528,43.252,45.831,44.376,45.418,43.62,46.137,43.446,45.29,45.388,44.024,43.224,45.855,43.936,46.272,44.395,43.582,45.058,43.11,45.24,43.198,43.493,44.303,45.695,43.118,46.054,44.577,46.156,44.537,44.978,44.403,43.239,45.987,45.393,45.169,45.983,44.639,45.468,43.4,46.106,45.113,43.616,44.238,46.061,45.843,44.379,45.327,43.763,45.457,43.14,45.806,45.021,44.787,46.016,44.259,46.382,43.541,43.757,45.553,44.193,44.165,46.343,44.602,43.389,43.852,43.951,43.484,45.594,44.888,45.996,45.075,44.388,46.397,44.988,45.213,46.402,43.526,45.368,45.702,43.086,45.026,44.37,45.746,45.225,45.164,45.757,44.423,45.371,46.429,43.992,44.762,45.523,44.114,44.66,44.451,43.457,44.36,43.594,43.353,45.669,46.322,46.252,43.268,44.266,43.323,43.686,43.889,43.816,44.904,43.879,43.116,45.356,43.457,44.928,45.002,46.191,43.646,44.809,44.323,45.499,45.709,43.101,43.265,43.282,43.608,45.643,46.037,44.758,43.406,44.805,43.227,45.916,44.411,43.547,44.829,46.198,43.375,44.042,44.152,46.052,44.21,46.294,43.838,44.55,45.067,45.837,43.713,45.532,44.228,43.6,44.618,43.133,43.381,45.933,44.675,45.538,43.794,43.438,44.768,45.259,44.777,43.147,46.113,45.822,44.217,43.749,44.06,43.799,43.207,43.627,43.216,43.258,43.963,43.334,46.358,45.688,43.741,43.57,43.579,45.238,45.558,43.639,44.202,43.516,46.376,45.191,44.305,45.869,46.019,45.591,43.358,43.395,45.888,44.335,45.92,46.414,46.075,43.835,44.862,43.863,44.244,44.669,45.504,45.173,43.479,43.953,44.56,45.574,45.083,45.784,46.309,45.472,44.028,44.252,45.948,43.744,45.136,44.914,44.95,43.415,43.966,45.96,44.353,44.78,45.774,46.347,43.556,45.779,43.688,45.6,44.623,46.161,44.102,43.731,44.233,45.274,46.277,43.5,44.847,43.421,46.206,44.514,44.512,45.94,46.335,44.188,45.638,46.298,44.157,45.492,44.271,46.151,46.241,45.903,46.385,44.969,44.928,45.338,44.732,44.651,44.719,44.051,44.285,45.139,45.052,44.478,45.268,45.451,46.029,43.191,45.154,46.368,44.014,46.452,45.124,44.607,45.486,45.036,45.727,45.728,44.147,45.798,45.582,43.869,45.517,44.096,46.285,43.67,44.682,43.203,45.619,44.795,44.962,43.893,43.17,45.2,44.066,45.328,45.876,46.471,45.301,43.092,43.313,44.311,46.129,45.63,43.366,45.764,44.075,45.57,43.778,44.835,44.176,44.939,46.465,43.163,43.926,45.283,43.346,44.989,44.072,44.956,43.341,44.878,45.038,45.09,45.091,46.419,45.232,43.9,45.929,45.75,45.663,46.325,45.879,46.042,45.379,45.105,45.739,45.014,43.274,46.001,43.174,43.297,44.118,45.79,46.182,43.291,44.855,44.74,43.721,45.81,45.179,44.207,43.941,46.456,44.492,44.445,43.77,44.342,45.44,44.329,43.432,44.171,45.296,45.433,43.126,43.999,45.048,46.356,44.61,44.708,46.311,44.869,46.094,44.126,43.817,45.351,44.089,45.621,45.315,44.434,43.183,43.661,46.233,43.809,44.729,43.564,45.209,46.407,43.307,45.102,44.564,44.646,43.24,43.47,45.005,44.471,45.424,43.874,46.261,43.91,43.473,46.227,44.466,46.437,44.14,44.688,43.845,43.725,43.506,45.908,43.657,45.655,43.911,44.454,44.915,46.012,44.701,45.247,45.342,45.606
0,3.5865,3.6132,3.6954,0.5115,1.8164,1.3031,0.5071,3.2326,3.9386,2.4719,1.5709,3.3218,1.3963,2.7948,0.8585,1.7149,2.2793,1.0874,2.3324,0.6686,1.8658,2.6246,3.5553,3.305,1.7594,2.0648,3.449,2.7107,3.1094,1.1012,2.4185,2.5706,0.4855,2.0974,0.5773,1.706,0.8641,0.6567,2.5689,3.7936,3.888,3.6468,2.2325,1.0572,3.1367,3.8085,1.0247,3.826,2.051,0.5596,3.6916,0.9876,0.499,2.5072,2.0844,3.1564,3.7862,2.9682,3.4455,1.0505,0.9555,3.9148,1.1827,1.8353,2.4489,1.9876,2.4862,3.4908,0.6508,2.3778,2.4048,2.2161,1.9316,0.9898,0.9103,3.9493,1.4694,0.5645,1.5855,3.6293,2.6024,1.2252,2.2714,2.8534,2.3601,2.1497,1.1652,2.5941,3.9016,1.2766,1.0028,1.3538,1.2751,3.862,3.3522,1.3413,2.1805,3.0562,0.8085,2.0134,0.7151,2.4327,0.8953,2.388,3.9699,2.1195,3.3805,1.8007,2.2636,3.865,0.9741,3.425,2.6982,2.5275,3.391,3.8798,2.6648,0.9193,2.9911,1.656,0.9968,1.5554,2.2094,3.7302,1.7348,3.7594,2.0218,1.2108,3.0644,1.3162,1.4452,3.2204,1.8487,0.4912,2.2026,2.9615,3.4694,0.6588,3.4853,1.6172,1.8721,0.8835,3.1743,3.3112,1.6275,1.9219,2.9009,3.9859,0.7937,1.9129,2.327,1.6138,1.1928,3.7255,2.783,1.4943,3.6655,3.441,2.8825,0.6377,1.3068,1.3635,3.9064,2.173,3.7735,1.6018,3.7438,2.0342,1.0401,3.1835,0.7823,2.2953,2.5773,3.6221,2.9203,3.0084,1.5061,3.7656,1.4751,3.6747,0.9136,3.5007,1.0688,1.0795,0.6217,3.7136,0.8739,1.5418,0.5422,2.3481,3.8426,2.9548,1.9516,2.1964,1.8998,0.5229,3.2536,2.8867,3.3598,2.746,2.219,3.3459,1.2344,3.5528,2.9261,2.2965,1.8853,1.1582,1.407,2.7283,2.0717,1.6834,0.9338,2.5559,3.0298,1.5902,3.7543,3.2394,1.7928,1.3697,1.7457,2.9974,1.5172,1.0332,2.5536,3.4566,3.4666,2.5203,0.6113,1.5765,3.6568,0.538,0.5688,2.1254,3.0687,1.7635,1.2054,3.0416,1.1091,2.1275,1.8762,0.8281,1.3311,2.4659,2.4532,3.2983,3.6423,1.1327,3.5188,1.6722,0.6966,2.9748,3.7399,3.0164,1.1913,2.8651,2.8346,3.0377,2.3057,1.945,3.6039,1.524,2.1872,1.2953,1.9726,1.1392,3.9211,2.5217,3.4001,0.9655,3.4278,2.8478,1.9279,1.2545,1.0639,1.4169,1.9427,1.5136,0.5312,2.287,1.6982,3.0929,2.768,2.4978,3.1612,3.98,2.858,1.1239,1.9673,2.7914,2.709,1.656,3.2129,3.5901,1.3932,2.0467,2.0615,1.7867,2.2543,3.3312,1.2572,1.4288,1.1167,1.0952,2.242,2.002,1.995,2.6274,1.6455,3.836,3.9671,0.7414,1.3209,0.5942,3.394,2.7646,3.5326,3.268,2.1609,0.7896,3.4098,3.0522,3.7036,1.4628,1.9052,3.5681,2.931,2.4405,1.4206,2.8273,0.6781,2.739,3.5628,1.9642,0.7266,2.643,1.5935,0.4796,2.1664,2.8988,0.634,3.9321,1.0819,1.8205,3.099,3.0777,0.8128,1.9861,2.1401,2.414,2.9124,0.8435,3.849,1.0153,1.3798,3.1695,1.357,2.505,0.6089,1.3396,1.629,2.6586,3.2766,0.9756,3.0202,1.2682,1.2418,2.6871,2.0989,3.5784,2.7195,3.7183,1.3876,1.5008,3.13,1.2175,3.3688,3.5046,3.5405,3.8025,3.7808,1.6634,1.6896,1.8457,2.0893,2.3143,2.8424,1.7537,1.484,2.6172,1.5347,2.6939,3.2604,3.3712,3.2284,2.4223,1.1433,3.8725,3.2863,2.5869,2.3406,3.2872,2.9773,0.8791,3.1444,1.5636,0.6915,1.4372,0.7707,0.9029,2.9388,1.7202,0.7625,2.6383,3.8944,3.3379,2.5448,1.6353,0.7088,3.5172,3.1515,2.8762,2.7346,2.3577,2.4809,1.8247,2.3968,0.5867,1.7734,0.6281,0.5494,2.8143,0.5977,1.5497,3.637,2.822,0.6828,2.8038,3.1984,0.9463,1.8045,3.8325,0.7013,1.0189,2.017,2.3199,3.414,1.4405,0.7487,2.6718,2.3863,0.7339,0.8395,0.8488,2.3677,0.8048,0.9456,1.1506,2.6066,2.1444,3.0857,1.1776,3.1239,2.9423,1.2886,2.4607,1.7282,0.768,3.6018,1.7816,3.2032,3.1155,3.4808,1.698,2.0384,3.1948,3.9423,2.6806,2.2303,3.0033,2.1059,3.2456,2.7794,1.8535,3.5321,2.6475,2.2474,0.82,3.8182,3.6841,2.5404,3.6662,1.8933,2.757,1.2284,1.4527,0.7524,0.9318,3.9563,3.3191
0,1,3,3,4,3,4,2,4,1,4,5,2,2,2,2,1,3,1,4,1,2,3,2,3,3,3,4,3,2,4,2,4,5,3,4,4,3,4,5,3,4,4,1,3,2,4,2,2,4,5,3,3,2,4,1,4,3,1,4,5,3,3,4,5,3,1,4,4,1,1,2,5,2,3,1,1,4,4,4,2,2,4,2,4,5,1,4,2,1,4,2,2,4,4,5,5,4,4,2,1,3,5,2,3,4,4,3,2,4,1,2,2,2,3,3,2,1,3,3,3,2,4,4,5,3,3,2,4,3,2,4,5,5,1,3,5,2,4,2,2,5,3,5,3,2,3,5,2,4,2,2,5,1,3,3,3,1,3,4,4,3,4,3,1,3,3,3,4,2,3,1,5,4,3,2,1,1,4,2,5,1,4,3,3,4,1,4,2,2,5,4,3,4,1,1,2,3,3,3,1,4,5,2,3,1,5,2,2,4,3,2,4,3,4,4,4,5,5,5,2,4,1,1,1,4,2,3,2,2,3,4,4,2,5,4,4,3,2,2,3,2,1,4,5,4,2,3,2,4,2,2,3,4,2,2,5,2,2,2,3,3,5,4,4,1,4,3,3,1,3,3,2,3,3,2,2,4,2,2,1,2,5,5,5,5,2,4,4,2,3,1,5,1,4,3,4,2,5,5,4,2,3,2,2,3,4,3,1,4,5,5,4,2,5,2,2,4,2,3,1,3,4,3,2,2,3,4,2,2,1,3,3,2,3,2,2,1,4,4,2,4,2,3,1,3,3,3,3,2,1,1,4,2,3,4,2,3,5,3,1,3,5,2,3,5,1,3,1,1,2,1,3,4,3,2,5,1,2,3,4,5,5,4,4,4,2,2,5,3,4,4,2,3,5,2,4,4,2,3,3,3,1,4,1,2,4,4,5,5,3,4,1,4,4,4,2,2,2,5,3,3,3,4,5,4,2,3,4,4,3,4,5,4,5,3,3,1,3,2,2,4,5,3,3,2,5,2,1,3,2,4,5,4,3,3,3,2,4,3,2,3,4,4,2,1,4,3,4,5,4,3,3,2,4,2,5,2,4,1,2,2,2,5,4,1,4,1,2,3,3,3,3,2,5,2,4,5,4,3,1
443,0.011427,0.010915,0.010825,0.029819,0.015972,0.01977,0.033683,0.011506,0.010945,0.013311,0.016793,0.011753,0.020795,0.012996,0.027358,0.018626,0.013872,0.025005,0.013792,0.031694,0.017102,0.012764,0.011363,0.011335,0.016294,0.01474,0.011175,0.012535,0.012194,0.021703,0.014283,0.013005,0.028126,0.014598,0.028686,0.01679,0.02411,0.027406,0.012612,0.01072,0.010663,0.010915,0.015415,0.021871,0.012128,0.010741,0.024989,0.01099,0.014939,0.026956,0.010831,0.022632,0.033851,0.013203,0.016199,0.01164,0.010727,0.012708,0.011175,0.020902,0.023,0.010601,0.02088,0.015318,0.013285,0.016759,0.013263,0.011112,0.032035,0.014744,0.01434,0.013709,0.016692,0.022606,0.027532,0.010931,0.018412,0.028903,0.017573,0.011254,0.013603,0.020476,0.014911,0.012265,0.013218,0.015844,0.021052,0.013632,0.010991,0.020006,0.02528,0.02121,0.020014,0.010687,0.011102,0.018378,0.01438,0.011827,0.028143,0.016609,0.02612,0.012995,0.026804,0.013485,0.010586,0.014631,0.011224,0.017531,0.014046,0.011038,0.025672,0.011569,0.013289,0.013041,0.011209,0.010923,0.013632,0.023427,0.011893,0.01692,0.025363,0.01778,0.014256,0.010663,0.016436,0.010758,0.016169,0.020614,0.011748,0.021587,0.018597,0.011285,0.015254,0.035371,0.014168,0.011731,0.011494,0.027375,0.011472,0.01887,0.01514,0.023867,0.011362,0.01133,0.018794,0.015416,0.011847,0.010804,0.025403,0.016809,0.014663,0.01653,0.023676,0.010787,0.012358,0.01801,0.011303,0.011143,0.012194,0.027705,0.019486,0.019252,0.01061,0.015717,0.010742,0.017266,0.010768,0.01502,0.024786,0.011533,0.029624,0.013432,0.012988,0.010911,0.01265,0.012607,0.02038,0.010782,0.020064,0.010714,0.027486,0.011103,0.02175,0.021637,0.02796,0.011238,0.02434,0.01949,0.032959,0.013257,0.010708,0.011968,0.015418,0.015596,0.017318,0.033352,0.01142,0.012114,0.011252,0.013363,0.014223,0.011111,0.022458,0.01099,0.012821,0.013428,0.016983,0.023324,0.0189,0.012487,0.015898,0.016931,0.023256,0.013048,0.011884,0.017542,0.01064,0.011257,0.015535,0.02105,0.016548,0.012633,0.020276,0.025736,0.01306,0.011516,0.011105,0.013899,0.031595,0.017439,0.01091,0.029353,0.032422,0.014043,0.011806,0.016444,0.020394,0.012346,0.023914,0.014475,0.017035,0.028847,0.019527,0.012902,0.013374,0.011802,0.010888,0.023628,0.011082,0.018451,0.030025,0.011931,0.010809,0.012405,0.022941,0.011922,0.012885,0.012355,0.014758,0.015306,0.010931,0.017094,0.014345,0.019836,0.016854,0.021312,0.010595,0.013059,0.011748,0.022888,0.011154,0.012846,0.015386,0.019943,0.024478,0.020601,0.015462,0.01973,0.033183,0.015155,0.018253,0.011492,0.012131,0.012811,0.011381,0.010811,0.012251,0.021468,0.01648,0.012333,0.013481,0.016282,0.012118,0.010989,0.018777,0.01496,0.015952,0.015568,0.013573,0.011344,0.022209,0.018501,0.023818,0.024082,0.014015,0.015169,0.015065,0.013757,0.017172,0.01056,0.010455,0.026141,0.021541,0.026435,0.011621,0.013088,0.01106,0.011862,0.01433,0.0295,0.011183,0.011833,0.010812,0.020178,0.016855,0.010969,0.012088,0.014198,0.020565,0.013104,0.02666,0.012461,0.011344,0.015209,0.0295,0.013467,0.019606,0.030392,0.014434,0.012708,0.027765,0.010865,0.02161,0.017853,0.011685,0.011724,0.024769,0.015108,0.01554,0.014584,0.012863,0.024732,0.01096,0.022324,0.019116,0.012059,0.019067,0.012786,0.027725,0.022017,0.017088,0.012387,0.01184,0.02277,0.011617,0.022801,0.02006,0.013556,0.016114,0.011324,0.013445,0.010801,0.019058,0.017963,0.012147,0.019373,0.011801,0.011435,0.011006,0.01075,0.010617,0.016239,0.016888,0.015972,0.01477,0.01472,0.012862,0.015737,0.018089,0.012871,0.017931,0.013303,0.011404,0.011077,0.01194,0.013474,0.021275,0.010933,0.011368,0.012869,0.013654,0.011964,0.011987,0.028022,0.012113,0.017722,0.026874,0.017679,0.024021,0.023626,0.012068,0.018583,0.025837,0.012809,0.010653,0.011725,0.013805,0.01873,0.024828,0.011034,0.011595,0.012142,0.012555,0.013226,0.01328,0.017374,0.013458,0.028531,0.016385,0.027421,0.029159,0.012028,0.02835,0.016924,0.010891,0.012263,0.031423,0.012306,0.011997,0.026064,0.016207,0.010568,0.026318,0.022283,0.016201,0.013352,0.011589,0.020993,0.025641,0.013374,0.013594,0.024495,0.024784,0.024303,0.013559,0.024876,0.026074,0.021198,0.012813,0.01552,0.011714,0.020933,0.011696,0.012594,0.022571,0.013351,0.016474,0.025759,0.010798,0.016334,0.011502,0.011656,0.011481,0.01684,0.016078,0.011328,0.010853,0.012698,0.015426,0.012441,0.015719,0.0119,0.012104,0.015928,0.011515,0.012786,0.015347,0.027958,0.010699,0.010834,0.013008,0.010855,0.016932,0.012154,0.022523,0.018537,0.024256,0.023616,0.010565,0.011898
490,0.01335,0.012754,0.012689,0.036564,0.019383,0.024141,0.040239,0.013553,0.012732,0.015901,0.020321,0.013719,0.02488,0.01531,0.032762,0.022161,0.016683,0.029793,0.01658,0.037714,0.02036,0.015232,0.01331,0.01333,0.019803,0.017753,0.013162,0.014943,0.014355,0.026514,0.01687,0.015497,0.034344,0.017595,0.035178,0.020392,0.02967,0.033589,0.01496,0.012548,0.012496,0.012742,0.018211,0.026866,0.014185,0.012574,0.02992,0.012807,0.017982,0.032913,0.012733,0.027777,0.040407,0.015827,0.019238,0.01375,0.012539,0.014894,0.013094,0.025472,0.028259,0.012339,0.025492,0.018432,0.015886,0.019859,0.015809,0.012991,0.03809,0.017452,0.016963,0.016431,0.019837,0.027748,0.032769,0.012681,0.022421,0.035452,0.021364,0.013185,0.016034,0.02502,0.017669,0.014596,0.015725,0.018814,0.02572,0.016085,0.012806,0.024461,0.030244,0.025398,0.024396,0.012501,0.013069,0.022297,0.017341,0.01397,0.033711,0.019744,0.032162,0.015453,0.032122,0.016134,0.01236,0.01757,0.013223,0.0209,0.016871,0.012894,0.03071,0.013507,0.015666,0.015558,0.013199,0.012688,0.016106,0.028776,0.014085,0.020625,0.030378,0.021584,0.017097,0.012464,0.019959,0.012632,0.019217,0.025224,0.013871,0.025824,0.022649,0.013225,0.018382,0.041968,0.017098,0.013883,0.013407,0.033579,0.013427,0.022495,0.018227,0.029381,0.013399,0.013382,0.022483,0.018644,0.013994,0.012519,0.031133,0.020035,0.017332,0.019976,0.028202,0.012578,0.014747,0.021966,0.013138,0.013167,0.014457,0.033982,0.023828,0.023463,0.012385,0.018587,0.012586,0.021018,0.012552,0.018133,0.029677,0.013597,0.035271,0.016046,0.015505,0.012846,0.014897,0.014834,0.024305,0.012583,0.023948,0.012466,0.032768,0.013055,0.026737,0.026586,0.034303,0.013123,0.029821,0.023317,0.0394,0.0158,0.012564,0.01419,0.01861,0.018425,0.0206,0.039839,0.013488,0.014361,0.013219,0.015785,0.017135,0.013092,0.02691,0.012874,0.015015,0.016037,0.020277,0.027922,0.023073,0.014838,0.018916,0.020579,0.028588,0.015527,0.014109,0.021338,0.012442,0.013186,0.018739,0.025143,0.020084,0.014833,0.024133,0.03064,0.015623,0.013434,0.013076,0.016475,0.037771,0.021301,0.012832,0.03598,0.038746,0.016801,0.013992,0.019963,0.024998,0.014486,0.028631,0.017507,0.020261,0.034323,0.023834,0.015395,0.016017,0.013856,0.012825,0.028315,0.013065,0.022073,0.035927,0.014195,0.012594,0.014546,0.027487,0.014137,0.015217,0.014498,0.017475,0.01856,0.012845,0.020727,0.017196,0.024199,0.020017,0.026032,0.012334,0.015594,0.013777,0.028159,0.013083,0.015143,0.018595,0.02439,0.029278,0.024665,0.018672,0.023609,0.039647,0.017933,0.021767,0.013523,0.014411,0.015271,0.013399,0.012543,0.014528,0.026229,0.019574,0.01465,0.015899,0.019683,0.014146,0.012924,0.022945,0.018028,0.018965,0.018805,0.016249,0.013314,0.026591,0.022604,0.028493,0.028798,0.016899,0.018269,0.018249,0.016187,0.020853,0.012266,0.0122,0.032068,0.025789,0.032257,0.013542,0.015473,0.012977,0.013944,0.017225,0.035117,0.013168,0.013955,0.012613,0.024143,0.020053,0.012824,0.014348,0.016784,0.024609,0.015363,0.032799,0.014803,0.013189,0.018395,0.035288,0.015881,0.023335,0.037268,0.01736,0.01498,0.034056,0.012625,0.026521,0.021223,0.013805,0.013851,0.030453,0.01832,0.018453,0.017179,0.015136,0.030278,0.012747,0.027427,0.023286,0.014134,0.023298,0.015182,0.034151,0.026205,0.020786,0.014728,0.013843,0.027996,0.013649,0.027196,0.024579,0.01602,0.019076,0.013219,0.015822,0.012685,0.023272,0.021911,0.014278,0.023535,0.013754,0.013301,0.012907,0.012633,0.012443,0.019628,0.020451,0.019299,0.017833,0.017422,0.015171,0.018957,0.022108,0.015342,0.021825,0.015691,0.013395,0.013052,0.014023,0.016107,0.026044,0.012717,0.013429,0.015367,0.01644,0.013991,0.014186,0.033363,0.0142,0.021501,0.032945,0.021451,0.029285,0.029031,0.014271,0.022055,0.031656,0.015222,0.012421,0.013713,0.016289,0.022362,0.030323,0.01292,0.01376,0.014473,0.014956,0.015746,0.015827,0.020758,0.016136,0.03499,0.01988,0.033749,0.035753,0.014252,0.03478,0.020434,0.012782,0.014592,0.037391,0.014652,0.014043,0.031213,0.019662,0.012346,0.032391,0.027358,0.019328,0.015964,0.013544,0.024961,0.031563,0.015787,0.01623,0.029886,0.030349,0.029908,0.016301,0.030598,0.03123,0.025894,0.015282,0.018451,0.013917,0.02561,0.013765,0.014846,0.026894,0.016003,0.020012,0.03155,0.012681,0.019776,0.013589,0.013788,0.013473,0.020466,0.019119,0.013333,0.0126,0.015149,0.018215,0.014651,0.018726,0.013894,0.014341,0.01922,0.013458,0.015237,0.018194,0.033481,0.012562,0.012657,0.01559,0.012693,0.020199,0.014407,0.026955,0.022542,0.029595,0.028916,0.012318,0.013884
560,0.039803,0.037646,0.038613,0.063431,0.045807,0.051071,0.068382,0.03915,0.038865,0.041708,0.046564,0.03896,0.052203,0.041397,0.060768,0.049363,0.042942,0.057458,0.043539,0.066204,0.046719,0.041169,0.040075,0.038599,0.046423,0.043177,0.039554,0.041032,0.041228,0.052706,0.042434,0.041104,0.060881,0.043446,0.062083,0.047307,0.056967,0.060168,0.040229,0.038428,0.039055,0.03766,0.044084,0.053974,0.039411,0.038673,0.057518,0.038935,0.043749,0.0594,0.03933,0.054178,0.068041,0.042846,0.046543,0.03976,0.038082,0.040599,0.038188,0.052141,0.055049,0.0373,0.051755,0.044153,0.041418,0.0461,0.041043,0.037736,0.066166,0.044398,0.04295,0.042962,0.045769,0.054193,0.060248,0.038206,0.049046,0.062492,0.047949,0.040182,0.041652,0.051879,0.043745,0.041245,0.040778,0.046232,0.05222,0.041972,0.039275,0.051829,0.057437,0.053053,0.050393,0.038573,0.039586,0.048359,0.04447,0.039538,0.062046,0.047226,0.059394,0.040735,0.060454,0.041479,0.038312,0.042963,0.039224,0.047613,0.04319,0.03992,0.057889,0.039081,0.041631,0.040875,0.039132,0.038151,0.043273,0.055291,0.039773,0.047731,0.058206,0.047435,0.042611,0.03846,0.046116,0.039151,0.045471,0.052648,0.039109,0.053005,0.04919,0.038158,0.044661,0.069764,0.044007,0.04028,0.038869,0.060665,0.039804,0.048705,0.044311,0.056899,0.03973,0.039782,0.050145,0.044528,0.039667,0.037628,0.057923,0.046975,0.04281,0.045957,0.055588,0.037344,0.041502,0.048286,0.038501,0.040157,0.040197,0.061014,0.050132,0.049852,0.03795,0.044634,0.03865,0.047252,0.037299,0.044787,0.057256,0.038987,0.063486,0.041971,0.041686,0.039576,0.041279,0.041746,0.052265,0.037802,0.050343,0.03723,0.061214,0.039212,0.05424,0.053932,0.06147,0.039749,0.056637,0.05084,0.067778,0.041304,0.039288,0.040003,0.044734,0.04421,0.048078,0.067782,0.039643,0.039836,0.038462,0.043118,0.044158,0.039817,0.054819,0.038136,0.040396,0.041904,0.047797,0.055365,0.050398,0.040111,0.045721,0.047631,0.055552,0.040668,0.040899,0.04817,0.038595,0.038095,0.045062,0.051685,0.046951,0.041118,0.05121,0.05797,0.042273,0.038912,0.039278,0.043509,0.065729,0.048701,0.039601,0.062611,0.066707,0.042278,0.040497,0.047043,0.05181,0.040251,0.056135,0.044682,0.0463,0.061916,0.050711,0.041841,0.042477,0.040512,0.039732,0.056294,0.039946,0.049826,0.064044,0.041046,0.037371,0.040051,0.055369,0.040662,0.042139,0.040278,0.043446,0.045516,0.039061,0.047481,0.042428,0.050651,0.047058,0.052312,0.037338,0.041143,0.04076,0.05566,0.038203,0.041568,0.044302,0.050457,0.056309,0.052315,0.044877,0.051164,0.067729,0.04452,0.048304,0.038997,0.041,0.041584,0.039262,0.037929,0.040238,0.052556,0.045418,0.040169,0.042639,0.046025,0.039465,0.039437,0.049454,0.04415,0.04547,0.045566,0.042596,0.038382,0.054137,0.049254,0.055578,0.055681,0.043785,0.043941,0.045154,0.041993,0.047355,0.037091,0.038409,0.059307,0.053332,0.05842,0.038562,0.042472,0.038744,0.040865,0.042618,0.06319,0.039183,0.039087,0.037422,0.051578,0.046315,0.037669,0.040633,0.042701,0.052042,0.040724,0.059474,0.04008,0.038103,0.044591,0.063084,0.041772,0.050499,0.064196,0.043535,0.04157,0.061113,0.038303,0.053301,0.048301,0.039372,0.039306,0.057085,0.04552,0.04478,0.042682,0.041802,0.056587,0.038441,0.054428,0.049544,0.040002,0.049567,0.040424,0.061438,0.05315,0.046894,0.041074,0.039373,0.055217,0.038443,0.055202,0.051404,0.043307,0.045267,0.03916,0.041967,0.039112,0.050633,0.048306,0.040791,0.049533,0.039071,0.038173,0.038392,0.039614,0.039184,0.045936,0.046161,0.045151,0.044835,0.043268,0.041766,0.04458,0.049217,0.041273,0.048617,0.0418,0.038183,0.03986,0.040607,0.04184,0.053392,0.038499,0.039748,0.041271,0.043425,0.039972,0.039898,0.061153,0.040039,0.047175,0.059721,0.04803,0.055243,0.055685,0.039601,0.048269,0.058204,0.040421,0.03783,0.039492,0.041995,0.049214,0.057107,0.037958,0.040701,0.041362,0.041305,0.040998,0.041011,0.048385,0.042176,0.061916,0.046799,0.060576,0.062566,0.040367,0.061925,0.045738,0.0388,0.040744,0.065769,0.040873,0.039644,0.059046,0.046729,0.038494,0.059325,0.054036,0.046927,0.04228,0.039345,0.051519,0.05869,0.042051,0.041387,0.056177,0.056778,0.057166,0.042982,0.057457,0.059157,0.052267,0.040961,0.04519,0.040857,0.052808,0.038702,0.041582,0.054386,0.042771,0.046235,0.057931,0.039407,0.045946,0.039592,0.039751,0.04049,0.047554,0.045611,0.039253,0.038088,0.041666,0.043931,0.041302,0.046062,0.038987,0.040295,0.044649,0.039882,0.04125,0.045305,0.061623,0.039264,0.037741,0.042317,0.037941,0.047423,0.040371,0.054278,0.048501,0.05594,0.055581,0.037765,0.039387
665,0.015667,0.014518,0.014469,0.058866,0.02773,0.036454,0.065095,0.016139,0.014399,0.020787,0.03071,0.016342,0.037595,0.019534,0.051891,0.032404,0.022498,0.046273,0.022221,0.060365,0.029145,0.019615,0.015673,0.015734,0.028554,0.024498,0.015425,0.019056,0.017754,0.040732,0.022485,0.019982,0.058119,0.024231,0.056412,0.029472,0.047026,0.053544,0.019596,0.01417,0.014072,0.014435,0.024935,0.041853,0.017261,0.014191,0.046759,0.014596,0.024788,0.055384,0.014624,0.043455,0.065326,0.02077,0.027007,0.016573,0.014121,0.018611,0.015168,0.040998,0.044382,0.013654,0.038867,0.026828,0.020868,0.028049,0.020555,0.014931,0.060967,0.023618,0.022701,0.02279,0.028126,0.043405,0.051543,0.014241,0.033233,0.056915,0.031257,0.015447,0.020888,0.038066,0.024054,0.018318,0.021184,0.026228,0.039311,0.021012,0.014581,0.037097,0.047295,0.03858,0.036825,0.014038,0.015649,0.034651,0.023706,0.01697,0.053622,0.027969,0.051554,0.020633,0.050792,0.021338,0.013733,0.023965,0.01558,0.030188,0.022714,0.014815,0.048129,0.015951,0.020211,0.020203,0.015525,0.014294,0.021088,0.045301,0.017302,0.030174,0.047609,0.031594,0.02307,0.014262,0.028804,0.014404,0.026995,0.038508,0.016831,0.039303,0.033648,0.015858,0.026779,0.067675,0.023375,0.017404,0.015741,0.053586,0.015867,0.033096,0.026443,0.046524,0.016352,0.015945,0.03323,0.026259,0.017577,0.013918,0.049169,0.028599,0.023358,0.029987,0.043391,0.014142,0.018734,0.032627,0.015142,0.015563,0.017952,0.054298,0.036122,0.035141,0.013798,0.025657,0.014266,0.030824,0.014084,0.025167,0.04632,0.01629,0.056046,0.02193,0.020054,0.014873,0.018762,0.018617,0.036415,0.014132,0.03579,0.014174,0.051659,0.015185,0.041661,0.041363,0.054888,0.015232,0.046806,0.034751,0.06366,0.021379,0.014231,0.017525,0.02602,0.025329,0.029557,0.064369,0.016137,0.017838,0.015506,0.020494,0.023299,0.015719,0.041362,0.014795,0.018816,0.021906,0.029117,0.043139,0.034525,0.018771,0.026485,0.029838,0.045004,0.019997,0.017367,0.031236,0.014226,0.015771,0.027513,0.037993,0.028887,0.018549,0.035999,0.047745,0.020332,0.015798,0.015296,0.021878,0.060746,0.031489,0.014789,0.057803,0.062458,0.023456,0.017106,0.028684,0.038356,0.017899,0.044427,0.0242,0.028928,0.054301,0.035882,0.020618,0.021077,0.016747,0.014847,0.043914,0.015277,0.032482,0.057518,0.017639,0.014119,0.017993,0.042405,0.017961,0.01944,0.017925,0.023676,0.026209,0.014821,0.03158,0.023233,0.036507,0.028426,0.039859,0.013646,0.020295,0.016565,0.044281,0.015217,0.019244,0.026149,0.037146,0.045541,0.037239,0.026145,0.035292,0.064052,0.024485,0.03178,0.016547,0.018552,0.020344,0.016311,0.01399,0.01809,0.040224,0.027624,0.018419,0.020646,0.029431,0.017124,0.014952,0.034488,0.024911,0.026546,0.027692,0.022392,0.015611,0.04074,0.033862,0.044133,0.044661,0.022986,0.025326,0.025604,0.021101,0.030292,0.013728,0.013682,0.050902,0.03928,0.054091,0.015973,0.019944,0.01499,0.01695,0.023472,0.055757,0.01547,0.016902,0.014217,0.036259,0.028562,0.014659,0.01779,0.022353,0.037113,0.019484,0.052644,0.018703,0.01526,0.025811,0.056349,0.02062,0.034552,0.060118,0.023639,0.018944,0.054434,0.014184,0.041178,0.030664,0.016727,0.016809,0.048378,0.025774,0.025563,0.022957,0.019175,0.047576,0.014434,0.042874,0.0348,0.017219,0.035126,0.020062,0.055157,0.039746,0.030371,0.019202,0.016613,0.043947,0.016766,0.041656,0.037578,0.020937,0.026586,0.015409,0.020439,0.014506,0.034899,0.03253,0.017564,0.037106,0.016357,0.01548,0.014883,0.014399,0.014279,0.029315,0.029456,0.027299,0.024633,0.023562,0.019317,0.027889,0.032979,0.019709,0.032141,0.020273,0.015827,0.015639,0.017071,0.021179,0.040003,0.014381,0.016032,0.01988,0.0221,0.016883,0.017414,0.05263,0.017345,0.031421,0.052416,0.033014,0.048351,0.045783,0.017547,0.032106,0.05008,0.019408,0.013814,0.016378,0.021385,0.032914,0.050449,0.014874,0.016769,0.0182,0.018995,0.021245,0.020587,0.030027,0.021407,0.056079,0.028509,0.054378,0.057421,0.018168,0.055734,0.030849,0.014672,0.018363,0.059784,0.018489,0.017015,0.049105,0.028114,0.01401,0.051934,0.042711,0.02735,0.021796,0.016044,0.037453,0.050454,0.020474,0.021365,0.049549,0.047716,0.047456,0.021795,0.048668,0.049147,0.039616,0.01969,0.025601,0.017086,0.039189,0.016507,0.0187,0.04105,0.021084,0.028911,0.049872,0.014811,0.028231,0.016328,0.016729,0.016024,0.02963,0.026834,0.016173,0.014116,0.019392,0.024928,0.01831,0.026186,0.016676,0.018344,0.02711,0.015878,0.019512,0.025032,0.053189,0.014276,0.014331,0.020403,0.01442,0.028937,0.018484,0.041375,0.033389,0.048992,0.045153,0.013647,0.016629
705,0.062848,0.059395,0.060864,0.082184,0.06709,0.071769,0.092372,0.061066,0.061743,0.063291,0.068852,0.061436,0.0759,0.064318,0.084776,0.073059,0.064601,0.081483,0.0655,0.090542,0.069926,0.062936,0.063231,0.060411,0.067718,0.0643,0.061917,0.062919,0.064464,0.072761,0.06518,0.062669,0.082582,0.064779,0.081061,0.068603,0.076975,0.079283,0.062331,0.06069,0.061646,0.059421,0.067081,0.074348,0.061898,0.061031,0.081373,0.06179,0.064966,0.081169,0.061885,0.074157,0.09186,0.064969,0.07019,0.061828,0.060187,0.063373,0.059961,0.074355,0.075097,0.059172,0.071992,0.066309,0.062893,0.06932,0.062387,0.059364,0.090362,0.067829,0.065888,0.06554,0.068778,0.074193,0.08423,0.0608,0.069901,0.08147,0.068956,0.06344,0.06439,0.072412,0.066746,0.063436,0.062753,0.069911,0.072511,0.064833,0.062309,0.072638,0.081143,0.076886,0.070697,0.060934,0.06235,0.070493,0.066368,0.061361,0.086165,0.070963,0.078998,0.062821,0.084576,0.06283,0.06065,0.064087,0.061398,0.070982,0.064828,0.063211,0.081592,0.061702,0.06451,0.06231,0.061279,0.060694,0.066747,0.075162,0.061635,0.069087,0.082147,0.068115,0.063864,0.061033,0.067198,0.061693,0.068599,0.073356,0.060804,0.076661,0.069976,0.060189,0.067047,0.09383,0.06587,0.062936,0.061435,0.079948,0.062789,0.071906,0.066625,0.077027,0.062386,0.062106,0.073934,0.065706,0.061994,0.060001,0.077486,0.070414,0.065536,0.068155,0.079487,0.05907,0.063719,0.06912,0.061039,0.062795,0.062007,0.080218,0.070674,0.070452,0.060101,0.067723,0.06099,0.068199,0.059022,0.066352,0.081102,0.060804,0.087739,0.064312,0.063503,0.062167,0.064316,0.065056,0.076314,0.059742,0.073652,0.05923,0.085545,0.061489,0.074774,0.074434,0.080667,0.062866,0.07641,0.074589,0.091856,0.063473,0.06194,0.061904,0.066,0.067177,0.07184,0.091713,0.061835,0.06155,0.060283,0.06665,0.066048,0.062671,0.078766,0.060037,0.063029,0.064221,0.07148,0.079147,0.071415,0.061649,0.069074,0.06895,0.075611,0.062019,0.063248,0.069279,0.061243,0.060117,0.06745,0.075076,0.068278,0.06415,0.074907,0.081878,0.064274,0.061486,0.061575,0.066883,0.089691,0.070061,0.062209,0.081378,0.090658,0.064395,0.062741,0.068475,0.072365,0.062995,0.079947,0.066586,0.069368,0.085946,0.071438,0.064435,0.064326,0.063635,0.062408,0.080278,0.062554,0.073642,0.088076,0.063411,0.059097,0.06268,0.079312,0.063359,0.065425,0.06303,0.066395,0.067151,0.061413,0.069951,0.063542,0.07116,0.070621,0.072474,0.059232,0.062676,0.064062,0.075971,0.059994,0.064632,0.065412,0.070821,0.079947,0.076136,0.066167,0.07493,0.091709,0.067816,0.071623,0.06126,0.063709,0.064128,0.061708,0.060433,0.062022,0.072705,0.068382,0.061852,0.065918,0.068379,0.062028,0.061907,0.07021,0.06551,0.068697,0.068127,0.065107,0.060099,0.077944,0.070118,0.07923,0.079258,0.065672,0.06507,0.066821,0.064873,0.068411,0.059134,0.061106,0.078874,0.077128,0.080119,0.060928,0.065799,0.060857,0.064109,0.063813,0.087393,0.061375,0.060712,0.059162,0.075306,0.069472,0.059382,0.06271,0.0656,0.075777,0.063365,0.078795,0.061626,0.060406,0.06594,0.08701,0.064626,0.07421,0.082857,0.065029,0.064702,0.080312,0.060945,0.07361,0.071917,0.061232,0.061106,0.076745,0.067295,0.067915,0.065471,0.065017,0.076112,0.061092,0.074678,0.07012,0.062779,0.070175,0.062504,0.080754,0.076841,0.067827,0.06366,0.061985,0.075457,0.060389,0.079322,0.072029,0.066829,0.068436,0.061939,0.064981,0.061599,0.07163,0.069179,0.063864,0.071589,0.061614,0.060461,0.060391,0.062368,0.062102,0.068279,0.06696,0.066191,0.066595,0.06616,0.064907,0.066673,0.070335,0.063009,0.069631,0.064744,0.059757,0.062756,0.063704,0.063355,0.073941,0.061191,0.062026,0.063001,0.065435,0.062831,0.061746,0.085253,0.062806,0.067795,0.079,0.070398,0.077023,0.075567,0.061259,0.071553,0.077603,0.06185,0.059897,0.062214,0.064783,0.072675,0.079113,0.059743,0.063193,0.063691,0.063296,0.063059,0.06233,0.072123,0.063833,0.08093,0.06818,0.079804,0.081426,0.062877,0.081041,0.067645,0.061074,0.062722,0.090071,0.062872,0.062296,0.082992,0.068206,0.061148,0.078795,0.07418,0.07062,0.06479,0.062071,0.075026,0.07835,0.065067,0.062626,0.078043,0.076335,0.077124,0.064887,0.077174,0.083136,0.072484,0.062606,0.068501,0.063317,0.073372,0.060271,0.064774,0.078305,0.064754,0.067335,0.07729,0.062296,0.067041,0.061693,0.061795,0.063764,0.068906,0.068837,0.06173,0.06064,0.063696,0.066859,0.064449,0.06963,0.0614,0.062729,0.065523,0.062919,0.063041,0.068833,0.085676,0.061907,0.059602,0.064368,0.059873,0.070984,0.062806,0.078003,0.069075,0.077838,0.07544,0.059875,0.062022
740,0.21277,0.2084,0.21112,0.10974,0.16178,0.1429,0.12333,0.20143,0.21815,0.18229,0.1539,0.20613,0.1555,0.19565,0.13649,0.16715,0.17694,0.14613,0.17913,0.1313,0.17032,0.18673,0.21218,0.20265,0.1599,0.16943,0.20686,0.18921,0.20352,0.13436,0.18567,0.18492,0.11025,0.17084,0.11262,0.15816,0.12513,0.1159,0.18528,0.21283,0.21524,0.20905,0.18161,0.1331,0.20238,0.21334,0.14241,0.21607,0.16924,0.1134,0.2118,0.12983,0.12279,0.18437,0.17856,0.20015,0.21231,0.19978,0.20536,0.134,0.12871,0.21381,0.1377,0.16293,0.18139,0.17485,0.18218,0.20587,0.13045,0.18652,0.18569,0.17603,0.17201,0.12995,0.13965,0.21758,0.14917,0.11212,0.15352,0.21375,0.19049,0.13976,0.1821,0.19346,0.17913,0.18055,0.13714,0.19054,0.21798,0.14211,0.14138,0.15423,0.14122,0.21424,0.20546,0.14514,0.17452,0.19738,0.13478,0.1766,0.11875,0.18145,0.13803,0.17943,0.2159,0.17116,0.20504,0.16853,0.17649,0.21805,0.14032,0.20847,0.1932,0.18345,0.20518,0.21614,0.19412,0.12705,0.19596,0.15649,0.14152,0.15189,0.17412,0.21221,0.15869,0.21295,0.17501,0.1395,0.19724,0.15262,0.14819,0.20096,0.16381,0.12442,0.17506,0.19652,0.20917,0.11623,0.21048,0.16221,0.16446,0.12606,0.20141,0.20399,0.16358,0.16502,0.19433,0.21732,0.12187,0.17223,0.18311,0.15529,0.1497,0.21032,0.19175,0.14993,0.21288,0.20733,0.19332,0.11529,0.14268,0.14494,0.2144,0.18008,0.21269,0.1539,0.21062,0.16938,0.14296,0.20012,0.13536,0.17796,0.18563,0.21064,0.19886,0.20188,0.16082,0.21156,0.15758,0.20979,0.14028,0.20765,0.13379,0.13415,0.11466,0.21514,0.12528,0.16061,0.12476,0.17918,0.21464,0.1952,0.1662,0.18052,0.17315,0.12384,0.20249,0.19318,0.20378,0.19625,0.17566,0.20554,0.15017,0.20768,0.19851,0.17795,0.1718,0.14716,0.1472,0.1889,0.17695,0.15744,0.1279,0.18407,0.19797,0.15386,0.21282,0.20134,0.1619,0.15407,0.15957,0.20101,0.1606,0.144,0.18538,0.20895,0.20702,0.18968,0.12718,0.15373,0.21133,0.11079,0.12558,0.17232,0.19862,0.16035,0.13896,0.20093,0.14543,0.17286,0.17039,0.13672,0.14397,0.18343,0.18232,0.2072,0.21122,0.14656,0.20878,0.16512,0.13048,0.1967,0.21058,0.20011,0.14861,0.19426,0.1974,0.20086,0.18297,0.16662,0.20973,0.1525,0.17318,0.1423,0.17504,0.13596,0.21397,0.1835,0.20995,0.1295,0.20504,0.19723,0.16509,0.14047,0.14351,0.15642,0.16597,0.15968,0.12421,0.18374,0.16511,0.19869,0.19184,0.18423,0.20064,0.21757,0.19268,0.13536,0.17303,0.19079,0.19481,0.15707,0.20451,0.20978,0.14619,0.16938,0.1764,0.162,0.17706,0.20298,0.15076,0.14765,0.14546,0.14456,0.17629,0.16754,0.16828,0.19193,0.15567,0.21268,0.21649,0.11985,0.15301,0.11473,0.20726,0.1958,0.20785,0.20687,0.1725,0.13556,0.20566,0.19683,0.20997,0.15787,0.17146,0.20749,0.19507,0.18658,0.15641,0.19625,0.11689,0.18919,0.21022,0.1667,0.13145,0.19177,0.16319,0.10838,0.17331,0.19857,0.11514,0.2172,0.13393,0.1704,0.19838,0.19777,0.12262,0.1682,0.17857,0.18619,0.1995,0.12373,0.21593,0.13131,0.14549,0.20375,0.14462,0.18347,0.11419,0.15451,0.15481,0.18872,0.20556,0.12978,0.19629,0.15271,0.14042,0.19478,0.17808,0.21168,0.19449,0.2121,0.14647,0.15023,0.2036,0.14029,0.20754,0.20913,0.20769,0.21422,0.21395,0.15731,0.15672,0.16236,0.17147,0.18309,0.19727,0.16002,0.15005,0.18651,0.15175,0.19324,0.20116,0.20615,0.20571,0.18078,0.13673,0.21641,0.20337,0.18566,0.17941,0.2067,0.19564,0.13868,0.2032,0.15208,0.11749,0.14913,0.12209,0.12644,0.19431,0.16659,0.12042,0.1864,0.21401,0.20704,0.18911,0.16327,0.11988,0.20673,0.20099,0.19428,0.19008,0.17924,0.18198,0.16997,0.1803,0.11303,0.16059,0.11481,0.11136,0.19259,0.11361,0.15247,0.21014,0.19219,0.13177,0.19179,0.20406,0.13966,0.1618,0.21418,0.11801,0.13128,0.17592,0.17903,0.20852,0.15768,0.12014,0.19284,0.1792,0.12071,0.12363,0.12447,0.17998,0.1224,0.13968,0.13647,0.186,0.17903,0.19946,0.13804,0.19828,0.19971,0.15311,0.1828,0.1585,0.12057,0.21065,0.16035,0.20121,0.19917,0.21109,0.15799,0.1757,0.20145,0.21713,0.18878,0.18141,0.20099,0.17838,0.20446,0.19154,0.16231,0.21177,0.18742,0.18308,0.13512,0.2142,0.20994,0.18508,0.2098,0.17183,0.19097,0.1496,0.14809,0.12151,0.12763,0.21509,0.2068
783,0.25391,0.25034,0.25268,0.12177,0.18513,0.16114,0.1364,0.23907,0.26253,0.21237,0.17493,0.24607,0.17593,0.22991,0.15217,0.19067,0.20486,0.16398,0.20693,0.14554,0.1956,0.21829,0.2526,0.24136,0.18259,0.1959,0.24571,0.22147,0.23994,0.15127,0.21682,0.21615,0.12221,0.19731,0.12509,0.18004,0.13973,0.12909,0.21678,0.25529,0.25773,0.25122,0.21091,0.14932,0.24065,0.25565,0.15959,0.25942,0.19521,0.1259,0.25263,0.14585,0.13603,0.21381,0.20537,0.23668,0.25507,0.23617,0.2455,0.1502,0.14427,0.25832,0.15527,0.18682,0.21156,0.20156,0.21289,0.2468,0.14474,0.21632,0.21635,0.20303,0.19823,0.14597,0.15619,0.26272,0.16906,0.12445,0.17449,0.25456,0.22335,0.15736,0.21142,0.22653,0.20873,0.20788,0.15443,0.22308,0.26169,0.15987,0.1586,0.1741,0.15975,0.25703,0.24333,0.16419,0.20074,0.23338,0.14994,0.20263,0.13226,0.21158,0.15383,0.20916,0.25973,0.19809,0.24371,0.19296,0.20412,0.26088,0.15732,0.24899,0.22666,0.21458,0.24402,0.26066,0.22639,0.14247,0.23129,0.17791,0.15836,0.17306,0.20185,0.25398,0.18145,0.25444,0.20183,0.15668,0.2337,0.17245,0.16791,0.23917,0.18743,0.1377,0.20175,0.23085,0.2502,0.12921,0.2507,0.18532,0.18845,0.14071,0.23782,0.24164,0.18581,0.18977,0.22874,0.26311,0.13599,0.19753,0.21346,0.17688,0.16856,0.2534,0.22412,0.17037,0.25585,0.24558,0.22749,0.12815,0.16146,0.16402,0.25816,0.20868,0.25478,0.17538,0.25388,0.19454,0.16028,0.23757,0.15056,0.2062,0.21643,0.25073,0.23401,0.2375,0.18201,0.25445,0.17929,0.25239,0.15636,0.24719,0.1499,0.15043,0.12734,0.25716,0.14001,0.18218,0.13798,0.20828,0.25658,0.23006,0.19095,0.20956,0.19815,0.13711,0.23984,0.2277,0.24303,0.22912,0.20232,0.24315,0.16889,0.24868,0.23483,0.20625,0.19644,0.16551,0.16613,0.22206,0.20382,0.17902,0.1432,0.21556,0.23258,0.17472,0.25463,0.23976,0.18497,0.17475,0.18184,0.23712,0.18244,0.16159,0.21556,0.24985,0.24627,0.22056,0.14107,0.17425,0.25164,0.1231,0.13916,0.19923,0.23385,0.18265,0.15657,0.23779,0.16334,0.19864,0.196,0.15256,0.16248,0.21293,0.21169,0.2455,0.25131,0.16441,0.24777,0.18769,0.14491,0.23081,0.25373,0.23699,0.16699,0.22756,0.23127,0.23767,0.2127,0.19082,0.25019,0.17279,0.20091,0.16074,0.20101,0.15315,0.25848,0.21438,0.24896,0.14479,0.24505,0.23167,0.19002,0.15892,0.16132,0.17683,0.19056,0.18098,0.13748,0.21298,0.18872,0.23514,0.22415,0.21415,0.23737,0.263,0.22663,0.1524,0.19965,0.22434,0.22786,0.17883,0.24353,0.24977,0.1656,0.19505,0.2034,0.18471,0.20457,0.24208,0.16988,0.16729,0.16367,0.16271,0.20337,0.19311,0.19299,0.22504,0.17726,0.25664,0.26005,0.13338,0.17266,0.12762,0.24808,0.22896,0.24808,0.24465,0.19994,0.15087,0.24458,0.23322,0.25281,0.1788,0.19718,0.24907,0.2292,0.21764,0.17699,0.23166,0.13038,0.22245,0.25265,0.19162,0.14625,0.22477,0.18564,0.12016,0.2001,0.23333,0.12796,0.26191,0.15053,0.19495,0.23486,0.23415,0.13715,0.19262,0.20644,0.21754,0.23448,0.13847,0.25994,0.14725,0.16479,0.24168,0.16386,0.21436,0.12692,0.17489,0.17662,0.22017,0.24479,0.14529,0.23271,0.17185,0.15834,0.22715,0.20587,0.25315,0.22817,0.25334,0.1652,0.17068,0.24054,0.15827,0.24797,0.2511,0.24834,0.25556,0.25537,0.17916,0.17924,0.18628,0.1969,0.21301,0.23151,0.18319,0.16992,0.21792,0.17213,0.22653,0.23995,0.24391,0.24347,0.21043,0.15338,0.26051,0.24087,0.21687,0.20736,0.24572,0.23074,0.15482,0.24092,0.17344,0.13085,0.16873,0.13639,0.14165,0.22941,0.19083,0.13442,0.21866,0.2578,0.24657,0.22134,0.18611,0.13334,0.24764,0.23665,0.22742,0.22227,0.20865,0.21269,0.19399,0.20955,0.12557,0.18309,0.12787,0.12368,0.22576,0.12613,0.17391,0.25109,0.22547,0.14616,0.22483,0.24252,0.1561,0.18449,0.25666,0.13156,0.14741,0.20171,0.2072,0.2487,0.17918,0.13395,0.22578,0.20898,0.13457,0.13828,0.13897,0.20843,0.13675,0.15607,0.15371,0.2176,0.20663,0.23452,0.15506,0.23555,0.23474,0.17272,0.21199,0.18116,0.13469,0.25055,0.18343,0.23824,0.23542,0.25062,0.17968,0.2025,0.23844,0.26213,0.22031,0.21082,0.23666,0.20517,0.24386,0.22451,0.1866,0.25248,0.21905,0.21154,0.15045,0.256,0.25231,0.21516,0.25183,0.19675,0.22372,0.1686,0.16824,0.13549,0.1429,0.2594,0.24659
842,0.25307,0.24942,0.25181,0.11241,0.18014,0.15462,0.12809,0.23745,0.26222,0.20914,0.1689,0.24496,0.17045,0.2278,0.14504,0.18591,0.20111,0.15738,0.20331,0.13754,0.19141,0.21537,0.25175,0.23988,0.17742,0.19164,0.24441,0.21874,0.23836,0.14411,0.21397,0.21316,0.11219,0.19311,0.116,0.17475,0.13163,0.1203,0.21357,0.25458,0.25712,0.25037,0.20752,0.14191,0.23923,0.25496,0.153,0.25901,0.19093,0.11619,0.2517,0.13822,0.1277,0.21059,0.20155,0.23488,0.25437,0.23434,0.2443,0.14239,0.13652,0.25787,0.14838,0.18163,0.20826,0.19755,0.20973,0.2457,0.1367,0.2132,0.21344,0.19886,0.19423,0.13834,0.14903,0.26248,0.16307,0.11529,0.16886,0.2538,0.22089,0.15059,0.20822,0.22409,0.20502,0.2042,0.14746,0.22058,0.26131,0.15325,0.15195,0.16848,0.15317,0.25642,0.2417,0.15742,0.19673,0.23142,0.14263,0.19862,0.12361,0.20804,0.14681,0.20572,0.25929,0.19402,0.2423,0.18859,0.20036,0.2604,0.15058,0.24803,0.22437,0.21148,0.24264,0.26038,0.22387,0.13459,0.22917,0.17242,0.15167,0.16737,0.19799,0.25304,0.17624,0.25363,0.19803,0.14984,0.23176,0.16674,0.16185,0.2374,0.18225,0.1291,0.19777,0.22846,0.24931,0.12042,0.24977,0.18049,0.18335,0.13268,0.23586,0.24008,0.18095,0.18509,0.22626,0.263,0.12772,0.19343,0.21041,0.171,0.1623,0.25267,0.22151,0.16442,0.25522,0.24421,0.22517,0.11928,0.15492,0.15771,0.25764,0.20514,0.25402,0.16976,0.25318,0.19017,0.15373,0.23585,0.14296,0.20227,0.21342,0.24969,0.23212,0.23566,0.17665,0.25376,0.17406,0.25146,0.14919,0.24601,0.14252,0.14309,0.11841,0.2565,0.13203,0.17709,0.12979,0.20451,0.25589,0.22786,0.18638,0.20608,0.19386,0.12886,0.23819,0.22538,0.24164,0.22675,0.19842,0.24149,0.16292,0.24762,0.23293,0.20233,0.19225,0.15933,0.15992,0.21942,0.20011,0.17366,0.13536,0.21256,0.23049,0.16909,0.25372,0.23803,0.17962,0.16922,0.17667,0.2353,0.17714,0.15483,0.21248,0.24894,0.245,0.21784,0.13312,0.16852,0.25066,0.11386,0.13107,0.19488,0.23186,0.17752,0.14968,0.23616,0.15701,0.19445,0.19186,0.14513,0.15605,0.20941,0.20838,0.24426,0.25028,0.15813,0.24656,0.18294,0.13724,0.22859,0.25304,0.23533,0.16089,0.22495,0.22919,0.23603,0.20957,0.18616,0.24915,0.16659,0.19702,0.15421,0.19692,0.1461,0.25803,0.21125,0.24779,0.13705,0.24379,0.22964,0.18537,0.15222,0.15487,0.17139,0.18597,0.17582,0.12926,0.20967,0.18409,0.23308,0.22132,0.21071,0.23542,0.26286,0.22426,0.1453,0.19574,0.22182,0.22545,0.17306,0.24217,0.2487,0.15933,0.19074,0.19969,0.17933,0.20052,0.24068,0.16399,0.16113,0.15737,0.15635,0.19949,0.1887,0.18846,0.22252,0.17181,0.25597,0.25946,0.12489,0.16695,0.11806,0.24712,0.22674,0.24698,0.24333,0.19593,0.1433,0.24323,0.23128,0.25204,0.1735,0.1931,0.24808,0.22695,0.21481,0.17157,0.22958,0.12161,0.21982,0.25196,0.18705,0.13869,0.22238,0.18056,0.11068,0.1961,0.23139,0.11907,0.26168,0.14321,0.19048,0.23296,0.23222,0.12888,0.18806,0.20292,0.21458,0.23248,0.13039,0.2596,0.13969,0.15854,0.24027,0.15749,0.211,0.11786,0.16908,0.1711,0.21712,0.24359,0.13759,0.23054,0.1658,0.15156,0.22467,0.20214,0.2524,0.22582,0.25247,0.15893,0.16475,0.23902,0.15107,0.24687,0.25032,0.24725,0.25479,0.25446,0.17342,0.17396,0.18144,0.19266,0.20991,0.22946,0.17776,0.16391,0.21502,0.16634,0.22422,0.23842,0.2423,0.24211,0.20709,0.14632,0.2602,0.23927,0.21387,0.20373,0.24444,0.22862,0.14755,0.23947,0.16778,0.12219,0.16226,0.12755,0.13371,0.22723,0.18613,0.12603,0.21585,0.25729,0.24545,0.21876,0.1813,0.12422,0.24655,0.23477,0.225,0.2196,0.20492,0.20952,0.18964,0.20609,0.1165,0.178,0.1189,0.11447,0.22307,0.1171,0.16786,0.25012,0.22297,0.13822,0.22229,0.24118,0.14925,0.17948,0.25588,0.12287,0.13989,0.19783,0.20332,0.2477,0.17369,0.12543,0.22342,0.20559,0.12557,0.13018,0.13082,0.20487,0.12845,0.14922,0.1467,0.21466,0.2031,0.2325,0.14811,0.23377,0.23287,0.16674,0.20869,0.17592,0.12633,0.24934,0.17839,0.23651,0.23353,0.24964,0.17437,0.19873,0.23655,0.26194,0.21751,0.20743,0.2349,0.20152,0.24264,0.22175,0.1818,0.25156,0.21621,0.20811,0.14319,0.25526,0.25149,0.21201,0.25097,0.19259,0.2209,0.16263,0.16223,0.12656,0.13513,0.25896,0.24539
865,0.25091,0.24726,0.2497,0.10593,0.17612,0.14977,0.12187,0.23501,0.26028,0.20598,0.16441,0.24265,0.16593,0.22505,0.13955,0.18182,0.19771,0.15224,0.19998,0.13157,0.1876,0.21237,0.2496,0.2375,0.17332,0.18797,0.24214,0.21583,0.23588,0.13889,0.21084,0.21011,0.10549,0.18949,0.10967,0.17058,0.12592,0.11416,0.21045,0.25253,0.25513,0.24823,0.20413,0.13659,0.23678,0.25292,0.14783,0.25703,0.18726,0.10967,0.24959,0.13277,0.12147,0.20747,0.19797,0.23239,0.25232,0.23171,0.24203,0.13694,0.131,0.25589,0.14331,0.17755,0.20507,0.19384,0.20659,0.24346,0.13069,0.20997,0.2103,0.19532,0.19051,0.13289,0.14355,0.26055,0.15852,0.10894,0.1645,0.2517,0.21796,0.1456,0.20492,0.22133,0.20166,0.20071,0.14237,0.21764,0.25935,0.14836,0.14674,0.16389,0.14828,0.25442,0.2393,0.15252,0.19322,0.22884,0.13705,0.19495,0.11758,0.20477,0.14139,0.20246,0.25735,0.19043,0.23998,0.18469,0.19695,0.25841,0.14532,0.24579,0.22153,0.20838,0.24032,0.25843,0.22095,0.129,0.22653,0.16816,0.14645,0.16296,0.19452,0.25092,0.1721,0.25156,0.19443,0.14483,0.22918,0.16209,0.15726,0.23491,0.1782,0.12274,0.19428,0.22574,0.24711,0.11428,0.24757,0.17632,0.17933,0.12701,0.23333,0.2377,0.17679,0.18123,0.22349,0.26111,0.12187,0.18968,0.20718,0.16658,0.15736,0.25058,0.21867,0.1599,0.25311,0.24192,0.22243,0.11309,0.15007,0.15297,0.25566,0.20167,0.25196,0.16542,0.25111,0.18647,0.14859,0.23337,0.13723,0.19883,0.21038,0.24753,0.22949,0.23307,0.17223,0.2517,0.16967,0.24931,0.14372,0.24377,0.13723,0.13782,0.11218,0.25442,0.12635,0.17281,0.12365,0.20114,0.25388,0.22519,0.18257,0.20264,0.19003,0.12267,0.23577,0.22264,0.2393,0.22392,0.19495,0.2391,0.15813,0.24542,0.23027,0.19889,0.18846,0.1544,0.15526,0.21652,0.19657,0.16945,0.1298,0.2095,0.22789,0.16474,0.25162,0.23555,0.17548,0.16465,0.17256,0.2327,0.17275,0.14959,0.20941,0.24673,0.24274,0.21482,0.12713,0.16413,0.24853,0.10744,0.12499,0.19122,0.22929,0.17344,0.14464,0.23363,0.15199,0.19087,0.18806,0.13949,0.15126,0.20617,0.2052,0.24193,0.24813,0.15316,0.24434,0.17885,0.13143,0.22593,0.25096,0.23278,0.15603,0.22214,0.22648,0.2335,0.20632,0.18233,0.24698,0.16202,0.19352,0.14935,0.1932,0.14096,0.25606,0.20814,0.2455,0.13155,0.2415,0.22694,0.18151,0.14728,0.14977,0.16691,0.18215,0.17148,0.12309,0.20634,0.18004,0.23048,0.21841,0.20751,0.23287,0.26096,0.2215,0.14012,0.19207,0.21899,0.22258,0.16871,0.23974,0.24653,0.15464,0.18706,0.19614,0.17518,0.19702,0.23832,0.15923,0.1565,0.15237,0.15131,0.19605,0.18496,0.1847,0.21957,0.16754,0.25392,0.25749,0.11894,0.16231,0.11162,0.24486,0.22396,0.24476,0.24098,0.19239,0.13758,0.24093,0.2287,0.24994,0.16909,0.18934,0.24589,0.22425,0.21171,0.16709,0.22682,0.1155,0.21694,0.24982,0.18325,0.13294,0.21948,0.17628,0.10412,0.19258,0.22874,0.11288,0.25976,0.13795,0.18654,0.23041,0.22965,0.12306,0.18428,0.19947,0.2114,0.2298,0.12465,0.25763,0.13429,0.15383,0.23784,0.15273,0.20781,0.11159,0.16439,0.16679,0.21409,0.24125,0.13211,0.22788,0.16098,0.1466,0.22177,0.19858,0.25026,0.22296,0.25037,0.15424,0.16024,0.23656,0.14595,0.24456,0.24814,0.24504,0.25275,0.25237,0.16908,0.16976,0.17747,0.18904,0.20667,0.22675,0.17356,0.15937,0.21202,0.16189,0.22137,0.236,0.23992,0.23973,0.20387,0.14118,0.25824,0.23687,0.21083,0.20041,0.24207,0.22597,0.14201,0.23703,0.16338,0.11613,0.15754,0.12151,0.12809,0.22455,0.18205,0.12012,0.21287,0.25531,0.24315,0.21576,0.17715,0.11805,0.24432,0.23226,0.22224,0.21672,0.20155,0.20637,0.18577,0.20284,0.1102,0.17393,0.11268,0.10808,0.2202,0.11082,0.16333,0.24797,0.22017,0.13228,0.21947,0.23877,0.14393,0.17546,0.25382,0.11681,0.13449,0.19422,0.19991,0.24546,0.16917,0.11947,0.22056,0.20233,0.11945,0.12443,0.12508,0.20159,0.12262,0.1439,0.14158,0.21164,0.19965,0.22994,0.14304,0.23125,0.23025,0.16196,0.20551,0.17177,0.12043,0.24714,0.17433,0.23405,0.231,0.24744,0.17018,0.19515,0.23403,0.26002,0.21458,0.20404,0.23234,0.19803,0.24027,0.21885,0.17785,0.24937,0.21324,0.20473,0.13762,0.25323,0.24937,0.20891,0.24884,0.18882,0.21798,0.15783,0.15765,0.12049,0.12957,0.25701,0.24305
945,0.22573,0.22462,0.22722,0.060754,0.14545,0.11464,0.067895,0.21152,0.23611,0.17956,0.13178,0.21676,0.12554,0.19671,0.091615,0.14456,0.17015,0.10714,0.17283,0.079765,0.15234,0.18659,0.22453,0.21413,0.1422,0.15908,0.2192,0.19043,0.2091,0.10156,0.18015,0.18417,0.059845,0.16081,0.065487,0.13916,0.085522,0.071133,0.18446,0.23023,0.23303,0.22571,0.17166,0.098583,0.21012,0.23069,0.10243,0.23275,0.15839,0.065155,0.2271,0.093923,0.06734,0.18123,0.16428,0.20867,0.23,0.20398,0.21908,0.098962,0.091759,0.23378,0.10691,0.1471,0.17844,0.15929,0.18024,0.22062,0.078568,0.17862,0.17951,0.16744,0.15587,0.094077,0.095769,0.2364,0.12502,0.064563,0.13206,0.22686,0.18848,0.10966,0.17315,0.19659,0.1746,0.16757,0.10577,0.18811,0.23508,0.11295,0.10103,0.12298,0.11286,0.23227,0.21609,0.11772,0.16518,0.20481,0.088307,0.16063,0.07517,0.1781,0.094036,0.17551,0.23536,0.16201,0.21681,0.14879,0.16941,0.23405,0.099171,0.22028,0.19263,0.18214,0.21718,0.23429,0.19153,0.089302,0.20221,0.13618,0.10064,0.13025,0.16666,0.22853,0.14078,0.22919,0.16061,0.10873,0.20511,0.1207,0.12353,0.21134,0.14784,0.067699,0.16627,0.20135,0.22175,0.071284,0.22227,0.1385,0.14915,0.086858,0.20962,0.21436,0.13909,0.15135,0.19888,0.23723,0.080739,0.15487,0.17583,0.13432,0.11375,0.22816,0.19357,0.12649,0.22818,0.21891,0.1978,0.06979,0.11482,0.11845,0.23354,0.16873,0.22962,0.13298,0.22872,0.15749,0.10342,0.20967,0.087364,0.17141,0.18447,0.22491,0.20181,0.20554,0.13264,0.2294,0.13023,0.22681,0.095982,0.22095,0.099354,0.10007,0.068652,0.22964,0.086271,0.13414,0.070313,0.17402,0.2317,0.20074,0.15302,0.16989,0.15465,0.068988,0.21227,0.19794,0.21609,0.19498,0.16715,0.21587,0.11567,0.22266,0.20233,0.17148,0.15339,0.11091,0.12117,0.1912,0.16318,0.13785,0.090287,0.18349,0.20377,0.13234,0.22926,0.21204,0.1447,0.12394,0.14146,0.20512,0.13328,0.10369,0.18338,0.22133,0.21978,0.18481,0.075039,0.13146,0.22603,0.062667,0.072136,0.16278,0.2053,0.14248,0.10831,0.20654,0.10782,0.16239,0.1529,0.09039,0.11641,0.17967,0.17868,0.21594,0.22555,0.10931,0.22155,0.14163,0.080824,0.20155,0.22862,0.20557,0.11299,0.1974,0.19834,0.20639,0.17481,0.15262,0.22432,0.12896,0.16552,0.11415,0.1585,0.10407,0.23396,0.18187,0.21967,0.092432,0.21845,0.19888,0.15168,0.11148,0.10495,0.12677,0.15254,0.1325,0.069555,0.17431,0.1431,0.20653,0.19329,0.18117,0.20913,0.23707,0.19678,0.10306,0.15776,0.19393,0.19342,0.13681,0.21316,0.22389,0.12025,0.15816,0.16266,0.14435,0.16937,0.21509,0.11708,0.12246,0.1083,0.10694,0.16828,0.15577,0.15534,0.18991,0.13562,0.2317,0.23547,0.077096,0.12098,0.067618,0.21923,0.19545,0.22201,0.21487,0.16412,0.087842,0.21783,0.20466,0.22748,0.1295,0.15446,0.22316,0.1998,0.18117,0.127,0.19835,0.072564,0.19166,0.22477,0.15367,0.082843,0.19026,0.13769,0.058452,0.16445,0.20095,0.069523,0.23575,0.10023,0.15038,0.20645,0.20562,0.081987,0.15486,0.16666,0.18031,0.20178,0.08418,0.23341,0.095785,0.11948,0.21132,0.11799,0.18151,0.067655,0.12274,0.13459,0.1885,0.21518,0.09312,0.20369,0.11839,0.11066,0.19249,0.16501,0.22527,0.19387,0.22793,0.11996,0.12689,0.20987,0.10986,0.21861,0.2229,0.22225,0.23051,0.23006,0.13725,0.1382,0.14715,0.16042,0.17522,0.19866,0.14247,0.12586,0.18629,0.129,0.19245,0.21252,0.21676,0.21346,0.1772,0.10433,0.23408,0.21346,0.18488,0.17319,0.21579,0.20168,0.093732,0.2104,0.13075,0.073593,0.12367,0.079998,0.088186,0.20012,0.14485,0.078567,0.18724,0.23321,0.21731,0.18592,0.13954,0.075687,0.22148,0.20846,0.19751,0.1915,0.17448,0.17999,0.15011,0.17593,0.066153,0.14305,0.069025,0.06348,0.19526,0.066942,0.13051,0.22538,0.19523,0.080722,0.19445,0.21238,0.097365,0.14482,0.2316,0.074202,0.096027,0.16036,0.17263,0.21991,0.12878,0.077529,0.1915,0.17547,0.077439,0.08391,0.084476,0.17452,0.081433,0.097321,0.10481,0.18577,0.16687,0.20594,0.10657,0.20743,0.20268,0.11965,0.17904,0.1404,0.078951,0.22449,0.14352,0.21041,0.20709,0.22212,0.13869,0.16147,0.21039,0.23603,0.18913,0.17156,0.20507,0.16493,0.21407,0.19378,0.14759,0.22401,0.18765,0.17239,0.089071,0.23096,0.22687,0.18274,0.22631,0.15382,0.19281,0.11529,0.12399,0.078728,0.090226,0.23496,0.2169
1375,0.09522,0.094951,0.095533,0.038889,0.072956,0.061866,0.041958,0.091877,0.097476,0.083463,0.067995,0.093172,0.065947,0.088205,0.052522,0.072613,0.080753,0.058843,0.081511,0.047278,0.075224,0.085457,0.094958,0.092519,0.071863,0.077369,0.0937,0.086501,0.091339,0.056729,0.083693,0.084761,0.038045,0.077908,0.041101,0.070769,0.05017,0.043691,0.084747,0.096196,0.096797,0.095187,0.081208,0.055623,0.091586,0.09629,0.057014,0.096767,0.077109,0.040554,0.095507,0.053709,0.041699,0.083936,0.078975,0.091182,0.096148,0.090058,0.093671,0.055395,0.052809,0.096967,0.058861,0.073293,0.083171,0.077421,0.083656,0.094028,0.046743,0.083239,0.08351,0.079782,0.076362,0.053773,0.054198,0.097538,0.065749,0.040673,0.068285,0.095479,0.086011,0.05994,0.081669,0.088116,0.081922,0.079981,0.05841,0.08591,0.097258,0.061219,0.056441,0.064999,0.061182,0.096634,0.092916,0.062808,0.079216,0.090224,0.051108,0.077843,0.045648,0.08294,0.053545,0.082327,0.097298,0.078241,0.093153,0.074061,0.080495,0.097039,0.05568,0.09399,0.087131,0.084221,0.093239,0.097096,0.086822,0.051777,0.089583,0.069798,0.056284,0.067641,0.079666,0.095772,0.07138,0.095969,0.077862,0.059577,0.090314,0.064147,0.065203,0.091773,0.073542,0.04176,0.079585,0.089275,0.094328,0.043759,0.094446,0.070575,0.073975,0.05074,0.091354,0.092572,0.070779,0.074899,0.088637,0.097719,0.047973,0.076043,0.082452,0.0689,0.061443,0.095741,0.087341,0.066355,0.095764,0.093642,0.088432,0.04308,0.062016,0.063312,0.096915,0.08033,0.096063,0.068676,0.095864,0.076825,0.057416,0.091442,0.05062,0.080979,0.084845,0.095015,0.089519,0.090448,0.068472,0.096007,0.067653,0.095388,0.054287,0.094104,0.055936,0.056225,0.04256,0.096083,0.050369,0.069049,0.043081,0.08175,0.09651,0.08921,0.075395,0.08068,0.075943,0.042467,0.092072,0.088489,0.092982,0.08774,0.079815,0.092863,0.062239,0.094506,0.089639,0.080997,0.075565,0.060395,0.064328,0.086708,0.078662,0.070315,0.052192,0.084571,0.089962,0.068385,0.095935,0.091943,0.072487,0.065356,0.071557,0.090343,0.068702,0.057459,0.084542,0.094231,0.093845,0.085003,0.045245,0.06814,0.095258,0.039788,0.04392,0.078349,0.090346,0.071903,0.059505,0.090708,0.059175,0.078397,0.075406,0.051923,0.062541,0.083392,0.083211,0.09298,0.09516,0.059766,0.094243,0.071652,0.04784,0.089416,0.095834,0.090467,0.061205,0.088251,0.088631,0.09067,0.082154,0.07531,0.094883,0.066981,0.079321,0.061676,0.077172,0.057733,0.097006,0.084145,0.093841,0.05309,0.093537,0.08877,0.075005,0.060735,0.058028,0.066399,0.075237,0.068465,0.04273,0.081987,0.072153,0.090587,0.087163,0.08382,0.091233,0.097685,0.088165,0.057332,0.076964,0.087436,0.087327,0.069776,0.092309,0.094777,0.064064,0.077036,0.078501,0.072369,0.080366,0.092734,0.062777,0.064882,0.059367,0.058826,0.080192,0.076276,0.076184,0.086385,0.069539,0.096471,0.097285,0.046368,0.064253,0.041701,0.093749,0.087875,0.094348,0.092727,0.078931,0.050827,0.093392,0.090185,0.09559,0.06739,0.07591,0.09462,0.08895,0.083981,0.066481,0.08862,0.044481,0.086833,0.095012,0.075649,0.048731,0.086493,0.070256,0.037799,0.078994,0.0893,0.042958,0.097407,0.056289,0.074552,0.090649,0.090443,0.048645,0.076031,0.079727,0.083721,0.089501,0.049469,0.096909,0.054478,0.063696,0.091879,0.063215,0.083916,0.042253,0.064862,0.069242,0.085868,0.092799,0.053376,0.089873,0.063226,0.060419,0.087078,0.079201,0.095123,0.087444,0.095691,0.063876,0.0665,0.091526,0.059771,0.093595,0.09459,0.094413,0.09625,0.096111,0.069927,0.070439,0.073471,0.077747,0.082274,0.088713,0.071729,0.066127,0.085349,0.067193,0.087082,0.092132,0.093074,0.092391,0.082785,0.05784,0.097053,0.092358,0.084984,0.081651,0.092936,0.089431,0.053342,0.091655,0.067819,0.044802,0.065043,0.047309,0.051305,0.089032,0.072712,0.047018,0.085611,0.096837,0.093303,0.085309,0.070933,0.045386,0.094237,0.091145,0.088377,0.086768,0.081888,0.083585,0.074495,0.082451,0.04141,0.072096,0.042879,0.040168,0.08769,0.041774,0.067538,0.095122,0.08778,0.047705,0.087576,0.092133,0.054934,0.072693,0.096449,0.045216,0.054578,0.077784,0.08134,0.093905,0.067084,0.046694,0.086828,0.082283,0.046171,0.049353,0.049721,0.08204,0.048405,0.054916,0.058031,0.085232,0.079793,0.090521,0.058729,0.090877,0.08974,0.063701,0.083313,0.071252,0.047188,0.094867,0.072255,0.091621,0.090806,0.094413,0.070608,0.078131,0.091542,0.097467,0.086127,0.081177,0.090341,0.0792,0.092538,0.087294,0.073615,0.094832,0.085723,0.081423,0.051436,0.096357,0.095455,0.084388,0.095329,0.075704,0.087037,0.062095,0.065372,0.046745,0.052051,0.09722,0.093197
1610,0.073745,0.073553,0.074006,0.0269,0.055793,0.046824,0.028119,0.071246,0.075501,0.064604,0.052185,0.072056,0.049459,0.06808,0.037667,0.055407,0.062223,0.043626,0.063039,0.033414,0.057371,0.066033,0.07347,0.071648,0.05488,0.05945,0.072662,0.066871,0.070596,0.042455,0.064407,0.065639,0.026575,0.059894,0.02886,0.054274,0.036248,0.031142,0.065739,0.074522,0.075052,0.073812,0.062535,0.041021,0.070794,0.074662,0.041656,0.074892,0.059478,0.028781,0.073986,0.039352,0.027882,0.064982,0.0607,0.070704,0.074484,0.069677,0.07264,0.041611,0.038565,0.07512,0.044274,0.056536,0.064188,0.059417,0.064758,0.072916,0.032935,0.064192,0.064258,0.061786,0.058327,0.039408,0.039558,0.075549,0.050093,0.028481,0.052212,0.073881,0.0663,0.045192,0.062742,0.068298,0.063496,0.061528,0.04389,0.066219,0.075332,0.046276,0.041149,0.04864,0.046245,0.074926,0.072118,0.047869,0.061188,0.069954,0.036402,0.059766,0.032247,0.064306,0.038579,0.063504,0.075436,0.060398,0.072146,0.05639,0.062221,0.075162,0.040476,0.072705,0.06721,0.065037,0.072214,0.075151,0.067089,0.03766,0.069329,0.053149,0.04101,0.051674,0.061552,0.074312,0.054476,0.074346,0.059582,0.044883,0.069909,0.047902,0.049635,0.071235,0.05674,0.028446,0.06127,0.069294,0.072972,0.031203,0.073066,0.053431,0.057093,0.03675,0.07091,0.07169,0.053606,0.057408,0.068797,0.075638,0.034892,0.058059,0.063388,0.052932,0.045883,0.074168,0.067544,0.050242,0.074169,0.07253,0.068547,0.030605,0.046542,0.048045,0.07508,0.061816,0.074419,0.052204,0.074264,0.059247,0.042011,0.0708,0.036394,0.062744,0.065707,0.073603,0.069138,0.069987,0.05191,0.074444,0.05093,0.074018,0.039637,0.072975,0.041293,0.041544,0.030147,0.074419,0.036975,0.052127,0.029144,0.063359,0.074831,0.069033,0.058079,0.062102,0.05819,0.028584,0.071297,0.06846,0.072012,0.067826,0.061672,0.072077,0.046242,0.073205,0.069343,0.062759,0.057658,0.04463,0.048901,0.067037,0.060249,0.053898,0.038024,0.065489,0.069749,0.052295,0.074437,0.071367,0.055878,0.048949,0.054925,0.069903,0.052105,0.042419,0.065465,0.072895,0.072688,0.065479,0.031114,0.051752,0.073867,0.027698,0.02991,0.060635,0.07005,0.055211,0.044383,0.070092,0.04356,0.060296,0.057524,0.037549,0.047395,0.064666,0.064402,0.071904,0.073716,0.044079,0.073083,0.054349,0.033463,0.069197,0.074311,0.069899,0.045339,0.068494,0.068423,0.070062,0.063142,0.057749,0.0735,0.051346,0.061273,0.046663,0.059211,0.043312,0.075151,0.064976,0.072665,0.03881,0.072447,0.068535,0.057496,0.045442,0.042551,0.04985,0.057951,0.051627,0.028824,0.063172,0.054774,0.070316,0.067642,0.065005,0.070817,0.075611,0.068337,0.042969,0.058831,0.067619,0.067495,0.053654,0.07146,0.073495,0.048293,0.059419,0.060115,0.055782,0.062254,0.071913,0.046711,0.04899,0.043729,0.043253,0.061765,0.058799,0.058472,0.066738,0.053255,0.074847,0.075468,0.03349,0.047994,0.029787,0.072514,0.067813,0.073164,0.071703,0.060734,0.036577,0.072334,0.069924,0.074051,0.050704,0.057947,0.073294,0.068954,0.064644,0.04992,0.068531,0.031208,0.067137,0.073513,0.05803,0.034267,0.066692,0.053421,0.025932,0.061008,0.068962,0.030498,0.075394,0.0416,0.05703,0.070174,0.070011,0.034903,0.058345,0.061135,0.064584,0.069233,0.036194,0.075004,0.040024,0.048368,0.071027,0.047568,0.065081,0.029218,0.048828,0.052681,0.066623,0.07176,0.039061,0.06976,0.047422,0.04517,0.067295,0.060887,0.0736,0.067589,0.074129,0.04852,0.050364,0.070746,0.045318,0.072472,0.073179,0.073133,0.074632,0.074572,0.053779,0.054001,0.056502,0.059996,0.063242,0.068489,0.055258,0.050048,0.066108,0.051301,0.06717,0.071344,0.07224,0.071436,0.064062,0.043403,0.075116,0.071522,0.065653,0.062955,0.071954,0.069332,0.038804,0.070849,0.051823,0.032119,0.049736,0.034669,0.037246,0.069019,0.05549,0.034059,0.066315,0.075083,0.07216,0.065728,0.053737,0.033001,0.072995,0.070566,0.06837,0.067233,0.063469,0.064702,0.056756,0.063604,0.029132,0.05537,0.029778,0.028035,0.068055,0.029454,0.051807,0.073686,0.067894,0.033796,0.067732,0.07123,0.039814,0.055862,0.07483,0.031863,0.04011,0.059517,0.063033,0.072637,0.050728,0.033176,0.066964,0.063659,0.033682,0.036093,0.035852,0.063271,0.03469,0.039798,0.043567,0.065852,0.061189,0.070073,0.044162,0.070465,0.069316,0.047831,0.064484,0.054369,0.034206,0.073619,0.055501,0.070941,0.070298,0.073039,0.05414,0.059806,0.071056,0.075441,0.066725,0.062509,0.069798,0.060697,0.071553,0.067744,0.056621,0.073441,0.066405,0.062711,0.036696,0.074647,0.073946,0.065172,0.073847,0.057774,0.067543,0.046116,0.049777,0.034181,0.038431,0.075317,0.072159
2190,0.021632,0.021752,0.021817,0.014021,0.019378,0.017416,0.01485,0.02124,0.021925,0.020209,0.018402,0.021444,0.018167,0.02086,0.016376,0.018772,0.020222,0.016873,0.019968,0.015136,0.019322,0.020723,0.021659,0.021482,0.019257,0.019858,0.021465,0.020835,0.021227,0.0167,0.020331,0.020368,0.014236,0.019916,0.01437,0.018606,0.016723,0.014772,0.020444,0.021893,0.021857,0.021652,0.019881,0.017389,0.021256,0.021792,0.016993,0.021881,0.019418,0.014616,0.021814,0.017158,0.014812,0.020267,0.019597,0.021154,0.021888,0.020985,0.021462,0.016743,0.017048,0.021982,0.017,0.019065,0.02048,0.019398,0.020233,0.021506,0.015052,0.020136,0.02031,0.019853,0.01946,0.017166,0.016192,0.021933,0.017943,0.014303,0.01828,0.021722,0.020603,0.01715,0.020093,0.020779,0.020109,0.019725,0.016937,0.020591,0.021896,0.017327,0.016915,0.018046,0.017322,0.021836,0.021411,0.017734,0.019682,0.021037,0.016178,0.019452,0.016154,0.020229,0.016518,0.02039,0.021922,0.01956,0.021552,0.019181,0.019842,0.021867,0.016812,0.021542,0.020734,0.020592,0.021561,0.021922,0.020583,0.016922,0.021164,0.019028,0.016894,0.018195,0.019739,0.021758,0.019204,0.021867,0.01964,0.0171,0.021243,0.017936,0.017869,0.021275,0.019095,0.014256,0.020097,0.020978,0.021583,0.014783,0.021597,0.018751,0.019148,0.016794,0.021225,0.021488,0.018776,0.01959,0.020903,0.022,0.015423,0.019421,0.020185,0.018517,0.017245,0.021841,0.020924,0.018642,0.021702,0.021606,0.020818,0.014678,0.018144,0.017614,0.021976,0.01977,0.021878,0.018903,0.021855,0.019382,0.017047,0.021365,0.015652,0.019996,0.020379,0.021759,0.021014,0.021033,0.018218,0.021756,0.018385,0.021711,0.016205,0.021516,0.017427,0.017462,0.014598,0.021743,0.01578,0.01856,0.015018,0.020088,0.02182,0.021124,0.019201,0.019814,0.019207,0.014926,0.021433,0.021047,0.021533,0.020697,0.019757,0.021405,0.017688,0.021702,0.020933,0.019998,0.019363,0.017445,0.017752,0.020857,0.019736,0.018547,0.016973,0.020345,0.021005,0.018293,0.021778,0.021295,0.018965,0.018092,0.018708,0.02102,0.018249,0.016672,0.020341,0.021571,0.021628,0.020485,0.015337,0.018843,0.021661,0.014163,0.015142,0.019681,0.021052,0.018753,0.017851,0.021153,0.017283,0.019969,0.019344,0.01585,0.017509,0.020283,0.020178,0.021421,0.021775,0.017362,0.021533,0.018885,0.015713,0.021146,0.021734,0.021125,0.017552,0.020857,0.02091,0.021149,0.02015,0.019635,0.021744,0.018273,0.019696,0.01739,0.019366,0.016841,0.021987,0.020584,0.021458,0.017083,0.021594,0.020926,0.019602,0.017995,0.01713,0.018225,0.019181,0.018487,0.014966,0.019979,0.018946,0.021134,0.020729,0.020334,0.02121,0.021996,0.020785,0.016785,0.019532,0.020934,0.020646,0.018627,0.021265,0.0216,0.01838,0.019409,0.019717,0.01895,0.019923,0.021346,0.017758,0.018474,0.017309,0.017237,0.020162,0.019313,0.01973,0.020529,0.018445,0.021845,0.021947,0.015181,0.01795,0.014787,0.021513,0.020821,0.021546,0.021392,0.020026,0.015684,0.021578,0.021032,0.021824,0.018351,0.019405,0.021714,0.020881,0.020365,0.018236,0.020806,0.016005,0.02087,0.021665,0.019672,0.015841,0.020659,0.018459,0.013847,0.019655,0.020988,0.014659,0.021961,0.017469,0.019026,0.021279,0.021257,0.016533,0.019713,0.019863,0.020197,0.020916,0.015647,0.021899,0.017251,0.017666,0.021291,0.018283,0.020345,0.015717,0.017724,0.018966,0.020576,0.0214,0.017117,0.021049,0.017496,0.017958,0.020615,0.019626,0.021679,0.02066,0.021835,0.01769,0.018658,0.021249,0.017334,0.021427,0.021614,0.021691,0.021787,0.0218,0.018646,0.018563,0.018955,0.019498,0.020164,0.020919,0.018871,0.018616,0.02044,0.018136,0.020728,0.02144,0.02143,0.021352,0.020125,0.016857,0.021916,0.021464,0.020673,0.020318,0.021344,0.02094,0.016064,0.021265,0.018219,0.014943,0.018025,0.015609,0.016864,0.020891,0.018785,0.01528,0.020472,0.021862,0.02146,0.020521,0.018796,0.01533,0.021672,0.021333,0.021035,0.020614,0.020104,0.020224,0.019233,0.020403,0.014418,0.018778,0.015798,0.014223,0.020791,0.014475,0.018344,0.021771,0.020971,0.015202,0.020949,0.021321,0.01671,0.018855,0.021842,0.016099,0.017263,0.019631,0.020039,0.021532,0.01803,0.016287,0.020699,0.020063,0.015445,0.015629,0.016667,0.020359,0.016503,0.016707,0.016883,0.020699,0.019871,0.021265,0.016981,0.021117,0.021039,0.017562,0.02019,0.01919,0.015305,0.021647,0.018799,0.021384,0.021296,0.021593,0.018585,0.019672,0.021247,0.021968,0.020536,0.019877,0.02111,0.0198,0.021369,0.020744,0.018974,0.021583,0.020486,0.019908,0.016224,0.021912,0.021809,0.02061,0.021794,0.01938,0.020714,0.017669,0.017892,0.015528,0.016027,0.022012,0.021377
