0,29.104,31.2,29.637,29.948,29.722,29.149,29.027,30.148,29.516,30.124,29.508,30.939,29.552,29.903,29.055,29.438,29.579,29.845,28.344,28.453,30.518,29.885,28.615,30.671,29.427,31.25,28.94,29.599,28.563,31.153,31.109,30.392,28.545,30.441,29.826,28.804,29.02,30.951,30.642,29.7,28.717,31.129,30.962,29.296,31.053,29.363,29.756,29.492,30.541,28.991,28.671,31.23,31.16,28.185,28.729,29.536,30.196,30.475,30.883,28.844,30.259,31.07,30.816,30.304,30.668,30.707,31.075,31.422,29.823,28.998,30.407,28.698,31.194,31.104,30.847,30.402,29.592,29.31,29.538,28.281,30.819,29.388,30.413,28.644,31.121,28.472,30.287,30.383,29.042,28.254,30.843,28.955,31.253,29.406,28.606,30.059,28.142,30.237,28.229,28.519,29.316,30.685,28.15,31.039,29.585,31.139,29.546,29.98,29.414,28.269,30.973,30.388,30.168,30.969,29.646,30.462,28.427,31.09,30.113,28.64,29.252,31.046,30.831,29.391,30.324,28.784,30.452,28.172,30.795,30.022,29.793,31.002,29.273,31.361,28.566,28.779,30.545,29.208,29.18,31.323,29.61,28.416,28.872,28.969,28.51,30.586,29.892,30.982,30.076,29.399,31.376,29.99,30.212,31.381,28.551,30.364,30.692,28.119,30.027,29.382,30.736,30.223,30.163,30.747,29.433,30.367,31.408,29.009,29.767,30.516,29.129,29.667,29.462,28.483,29.372,28.619,28.381,30.66,31.302,31.234,28.298,29.28,28.351,28.708,28.909,28.837,29.907,28.898,28.148,30.352,28.483,29.93,30.003,31.174,28.669,29.814,29.335,30.492,30.7,28.133,28.295,28.311,28.632,30.635,31.022,29.763,28.433,29.809,28.258,30.903,29.422,28.572,29.833,31.18,28.403,29.059,29.168,31.037,29.225,31.275,28.858,29.559,30.068,30.825,28.735,30.526,29.242,28.624,29.625,28.165,28.409,30.92,29.682,30.531,28.815,28.464,29.774,30.257,29.782,28.178,31.097,30.81,29.231,28.77,29.076,28.82,28.238,28.65,28.246,28.287,28.982,28.362,31.338,30.678,28.763,28.594,28.603,30.236,30.551,28.662,29.216,28.541,31.356,30.189,29.318,30.857,31.004,30.584,28.386,28.422,30.876,29.347,30.907,31.393,31.06,28.855,29.866,28.883,29.258,29.676,30.498,30.171,28.505,28.971,29.569,30.567,30.084,30.773,31.289,30.467,29.045,29.266,30.935,28.766,30.135,29.917,29.952,28.442,28.984,30.946,29.365,29.785,30.763,31.327,28.581,30.768,28.71,30.592,29.631,31.144,29.118,28.753,29.247,30.271,31.258,28.525,29.851,28.448,31.188,29.524,29.522,30.927,31.316,29.203,30.629,31.279,29.172,30.486,29.284,31.134,31.223,30.89,31.365,29.971,29.931,30.334,29.738,29.658,29.725,29.068,29.298,30.139,30.053,29.488,30.265,30.446,31.014,28.222,30.153,31.348,29.031,31.43,30.123,29.615,30.48,30.037,30.717,30.718,29.163,30.787,30.574,28.889,30.511,29.112,31.266,28.693,29.688,28.234,30.611,29.8,29.964,28.913,28.201,30.199,29.082,30.324,30.863,31.449,30.298,28.125,28.342,29.324,31.113,30.621,28.394,30.754,29.091,30.562,28.799,29.84,29.191,29.942,31.443,28.194,28.945,30.28,28.374,29.991,29.089,29.959,28.369,29.881,30.039,30.09,30.092,31.398,30.23,28.919,30.916,30.739,30.654,31.306,30.867,31.027,30.375,30.105,30.729,30.016,28.304,30.986,28.205,28.326,29.134,30.779,31.165,28.32,29.859,29.746,28.743,30.799,30.178,29.221,28.959,31.434,29.502,29.455,28.791,29.354,30.434,29.341,28.458,29.185,30.293,30.428,28.158,29.016,30.048,31.336,29.618,29.714,31.291,29.873,31.078,29.142,28.837,30.347,29.105,30.613,30.312,29.445,28.214,28.684,31.215,28.83,29.735,28.589,30.207,31.386,28.336,30.102,29.572,29.653,28.27,28.496,30.006,29.481,30.419,28.894,31.242,28.93,28.499,31.209,29.476,31.416,29.156,29.695,28.865,28.747,28.531,30.895,28.68,30.646,28.93,29.464,29.918,30.997,29.707,30.245,30.339,30.598
0,6.5264,6.5553,6.6439,3.209,4.6168,4.063,3.2043,6.1446,6.9063,5.3239,4.352,6.2408,4.1636,5.6724,3.5834,4.5073,5.1162,3.8303,5.1735,3.3785,4.6701,5.4887,6.4927,6.2228,4.5553,4.8848,6.3781,5.5816,6.0117,3.8452,5.2664,5.4305,3.181,4.92,3.2801,4.4977,3.5894,3.3656,5.4286,6.7498,6.8517,6.5914,5.0657,3.7977,6.0412,6.766,3.7627,6.7848,4.8698,3.2609,6.6398,3.7226,3.1956,5.3621,4.906,6.0624,6.7419,5.8594,6.3743,3.7905,3.688,6.8806,3.9332,4.6372,5.2991,4.8015,5.3394,6.4232,3.3593,5.2225,5.2516,5.048,4.7411,3.7251,3.6393,6.9179,4.2424,3.2662,4.3677,6.5726,5.4648,3.979,5.1077,5.7356,5.2034,4.9764,3.9143,5.4558,6.8664,4.0345,3.7391,4.1177,4.0328,6.8237,6.2737,4.1042,5.0096,5.9544,3.5294,4.8294,3.4286,5.2816,3.6231,5.2334,6.94,4.9437,6.3042,4.5998,5.0993,6.8269,3.7081,6.3522,5.5681,5.384,6.3156,6.8429,5.5321,3.649,5.8842,4.4437,3.7326,4.3352,5.0407,6.6814,4.5287,6.7129,4.8384,3.9635,5.9632,4.0772,4.2163,6.1315,4.6516,3.1871,5.0334,5.8522,6.4001,3.3679,6.4172,4.4019,4.6768,3.6104,6.0817,6.2295,4.413,4.7306,5.7868,6.9574,3.5135,4.7209,5.1676,4.3982,3.9441,6.6764,5.6596,4.2693,6.6117,6.3695,5.767,3.3452,4.0671,4.1282,6.8715,5.0015,6.7282,4.3853,6.6961,4.8517,3.7793,6.0917,3.5012,5.1334,5.4376,6.5649,5.8078,5.9028,4.282,6.7197,4.2486,6.6216,3.6428,6.4338,3.8102,3.8218,3.3279,6.6635,3.6,4.3205,3.2421,5.1904,6.8028,5.845,4.7626,5.0268,4.7067,3.2214,6.1673,5.7714,6.2819,5.6196,5.0511,6.2668,3.989,6.49,5.8139,5.1348,4.6911,3.9067,4.1751,5.6006,4.8922,4.4733,3.6646,5.4146,5.9258,4.3728,6.7075,6.152,4.5914,4.1348,4.5406,5.8909,4.294,3.7718,5.4122,6.3863,6.3971,5.3762,3.3167,4.358,6.6023,3.2377,3.2708,4.9501,5.9678,4.5597,3.9576,5.9386,3.8537,4.9524,4.6813,3.5506,4.0932,5.3175,5.3038,6.2155,6.5867,3.8792,6.4534,4.4612,3.4088,5.8665,6.692,5.9114,3.9425,5.7482,5.7153,5.9344,5.1446,4.7555,6.5452,4.3014,5.0168,4.0546,4.7853,3.8862,6.8875,5.3777,6.3253,3.6988,6.3552,5.7295,4.737,4.0106,3.805,4.1858,4.7531,4.2901,3.2303,5.1245,4.4893,5.9939,5.6434,5.3519,6.0676,6.951,5.7405,3.8697,4.7796,5.6686,5.5798,4.4438,6.1234,6.5303,4.1603,4.8652,4.8813,4.5847,5.0892,6.251,4.0135,4.1986,3.862,3.8388,5.076,4.8171,4.8094,5.4917,4.4324,6.7956,6.9371,3.4571,4.0822,3.2983,6.3188,5.6398,6.4683,6.1828,4.9884,3.509,6.3359,5.9501,6.6528,4.2353,4.7126,6.5065,5.8193,5.2901,4.1898,5.7074,3.3887,5.6121,6.5009,4.7763,3.4411,5.5086,4.3763,3.1746,4.9944,5.7845,3.3411,6.8993,3.8244,4.6212,6.0005,5.9775,3.5341,4.7999,4.966,5.2615,5.7991,3.5671,6.8097,3.7525,4.1458,6.0765,4.1212,5.3597,3.3141,4.1024,4.4146,5.5253,6.1921,3.7097,5.9155,4.0253,3.9968,5.5562,4.9216,6.5177,5.5911,6.6687,4.1541,4.2763,6.034,3.9706,6.2916,6.438,6.4768,6.7595,6.736,4.4518,4.48,4.6484,4.9112,5.1539,5.7236,4.5491,4.2582,5.4808,4.3129,5.5634,6.1747,6.2941,6.1401,5.2704,3.8906,6.835,6.2026,5.448,5.1823,6.2036,5.8692,3.6056,6.0495,4.3441,3.4032,4.2077,3.4887,3.6313,5.8277,4.513,3.4798,5.5035,6.8586,6.2582,5.4026,4.4214,3.4219,6.4517,6.0571,5.7602,5.6074,5.2008,5.3337,4.6257,5.2429,3.2901,4.5704,3.3348,3.2499,5.6934,3.302,4.329,6.5809,5.7016,3.3938,5.682,6.1078,3.6781,4.6039,6.7918,3.4138,3.7564,4.8332,5.16,6.3403,4.2113,3.4649,5.5396,5.2317,3.4489,3.5629,3.573,5.2115,3.5254,3.6773,3.8985,5.4692,4.9706,5.9861,3.9276,6.0273,5.8314,4.0474,5.3119,4.5217,3.4857,6.5429,4.5793,6.1129,6.0183,6.4124,4.489,4.8563,6.1039,6.9103,5.5492,5.0634,5.8973,4.9291,6.1586,5.6557,4.6568,6.4677,5.5134,5.0817,3.5418,6.7764,6.6318,5.3979,6.6124,4.6997,5.6315,3.9824,4.2244,3.469,3.6625,6.9254,6.238
0,1,3,3,4,3,4,2,4,1,4,5,2,2,2,2,1,3,1,4,1,2,3,2,3,3,3,4,3,2,4,2,4,5,3,4,4,3,4,5,3,4,4,1,3,2,4,2,2,4,5,3,3,2,4,1,4,3,1,4,5,3,3,4,5,3,1,4,4,1,1,2,5,2,3,1,1,4,4,4,2,2,4,2,4,5,1,4,2,1,4,2,2,4,4,5,5,4,4,2,1,3,5,2,3,4,4,3,2,4,1,2,2,2,3,3,2,1,3,3,3,2,4,4,5,3,3,2,4,3,2,4,5,5,1,3,5,2,4,2,2,5,3,5,3,2,3,5,2,4,2,2,5,1,3,3,3,1,3,4,4,3,4,3,1,3,3,3,4,2,3,1,5,4,3,2,1,1,4,2,5,1,4,3,3,4,1,4,2,2,5,4,3,4,1,1,2,3,3,3,1,4,5,2,3,1,5,2,2,4,3,2,4,3,4,4,4,5,5,5,2,4,1,1,1,4,2,3,2,2,3,4,4,2,5,4,4,3,2,2,3,2,1,4,5,4,2,3,2,4,2,2,3,4,2,2,5,2,2,2,3,3,5,4,4,1,4,3,3,1,3,3,2,3,3,2,2,4,2,2,1,2,5,5,5,5,2,4,4,2,3,1,5,1,4,3,4,2,5,5,4,2,3,2,2,3,4,3,1,4,5,5,4,2,5,2,2,4,2,3,1,3,4,3,2,2,3,4,2,2,1,3,3,2,3,2,2,1,4,4,2,4,2,3,1,3,3,3,3,2,1,1,4,2,3,4,2,3,5,3,1,3,5,2,3,5,1,3,1,1,2,1,3,4,3,2,5,1,2,3,4,5,5,4,4,4,2,2,5,3,4,4,2,3,5,2,4,4,2,3,3,3,1,4,1,2,4,4,5,5,3,4,1,4,4,4,2,2,2,5,3,3,3,4,5,4,2,3,4,4,3,4,5,4,5,3,3,1,3,2,2,4,5,3,3,2,5,2,1,3,2,4,5,4,3,3,3,2,4,3,2,3,4,4,2,1,4,3,4,5,4,3,3,2,4,2,5,2,4,1,2,2,2,5,4,1,4,1,2,3,3,3,3,2,5,2,4,5,4,3,1
443,0.014344,0.014347,0.014371,0.013061,0.013787,0.013559,0.013059,0.014247,0.014433,0.014021,0.013684,0.014271,0.013604,0.014122,0.01331,0.013746,0.013957,0.013445,0.013978,0.013182,0.013805,0.01407,0.014337,0.014266,0.013764,0.013879,0.014308,0.014097,0.014216,0.01345,0.014002,0.014052,0.013042,0.013892,0.013113,0.013743,0.013313,0.01317,0.014051,0.014396,0.014421,0.014356,0.013939,0.013428,0.014219,0.0144,0.013409,0.014405,0.013875,0.0131,0.014372,0.013385,0.013049,0.014035,0.01389,0.014227,0.014393,0.014172,0.014304,0.013425,0.013368,0.014424,0.013495,0.013793,0.014012,0.013851,0.014024,0.014315,0.013167,0.013992,0.013998,0.013937,0.013829,0.013387,0.013339,0.014434,0.013638,0.013104,0.01369,0.014357,0.014061,0.013519,0.013953,0.014141,0.013982,0.013914,0.013486,0.014059,0.014424,0.013548,0.013395,0.013585,0.013542,0.014414,0.014283,0.013577,0.013926,0.014198,0.013279,0.013864,0.013214,0.014007,0.013334,0.013992,0.01444,0.013899,0.014289,0.01378,0.013952,0.014417,0.013378,0.014299,0.014092,0.014037,0.014291,0.014417,0.014085,0.013344,0.014179,0.013722,0.013394,0.013675,0.013931,0.01438,0.013753,0.014389,0.013864,0.013514,0.014199,0.013565,0.013627,0.014243,0.0138,0.013043,0.013933,0.014173,0.014311,0.013174,0.014317,0.013702,0.013809,0.013326,0.014233,0.014271,0.01371,0.013826,0.014153,0.014442,0.013266,0.013825,0.013971,0.013702,0.013501,0.014376,0.014121,0.013648,0.014362,0.014307,0.014148,0.013158,0.013559,0.013587,0.014424,0.013919,0.014391,0.013696,0.014381,0.013871,0.013418,0.014233,0.01326,0.013963,0.014056,0.014354,0.01416,0.014187,0.013657,0.014388,0.013638,0.014363,0.013345,0.014321,0.013437,0.013442,0.013147,0.014377,0.013318,0.013672,0.013088,0.01398,0.014411,0.014169,0.013839,0.013926,0.013821,0.01307,0.014254,0.014148,0.014281,0.01411,0.013939,0.014281,0.013525,0.014332,0.014159,0.013963,0.013816,0.013483,0.013611,0.0141,0.013884,0.013734,0.013355,0.014046,0.014193,0.013693,0.014387,0.014248,0.013778,0.013589,0.013759,0.014182,0.013659,0.013412,0.014049,0.014307,0.014312,0.014039,0.013138,0.013689,0.014364,0.013081,0.013106,0.013902,0.014204,0.013767,0.013508,0.014194,0.013457,0.013907,0.013808,0.013287,0.013573,0.014021,0.014016,0.014268,0.01436,0.013472,0.014328,0.01373,0.013201,0.014177,0.01438,0.014186,0.013503,0.014145,0.014136,0.014192,0.013965,0.013838,0.014348,0.013665,0.013923,0.013554,0.013848,0.013471,0.014426,0.014036,0.014296,0.013376,0.014299,0.014139,0.013828,0.013531,0.01343,0.013615,0.013836,0.013659,0.013078,0.01396,0.013737,0.014208,0.014116,0.014031,0.014228,0.014441,0.01414,0.013463,0.013843,0.01412,0.014097,0.013721,0.014241,0.014345,0.013602,0.013874,0.01388,0.013777,0.01395,0.014273,0.013536,0.013619,0.013459,0.013447,0.013946,0.013856,0.013857,0.014069,0.013716,0.014404,0.01444,0.013233,0.013568,0.013125,0.01429,0.014115,0.014329,0.01426,0.013914,0.013264,0.014297,0.014195,0.014371,0.013636,0.01382,0.014336,0.014163,0.01401,0.013616,0.01413,0.013185,0.014103,0.014334,0.013844,0.013221,0.014075,0.013694,0.013036,0.013918,0.014154,0.013156,0.01443,0.013441,0.013789,0.01421,0.014203,0.013277,0.013855,0.013908,0.014,0.014158,0.013296,0.014409,0.013404,0.013595,0.01423,0.013583,0.01403,0.013137,0.013575,0.013708,0.014082,0.014259,0.013381,0.014186,0.013543,0.013527,0.014092,0.013892,0.014341,0.014099,0.014378,0.013602,0.013652,0.01422,0.013514,0.014283,0.014319,0.01433,0.014401,0.014395,0.013724,0.013733,0.013797,0.013893,0.013967,0.014137,0.01376,0.013646,0.014067,0.013668,0.014091,0.014253,0.014288,0.014248,0.014004,0.013478,0.014415,0.014264,0.014058,0.01398,0.014263,0.014175,0.013321,0.014223,0.013678,0.013196,0.013624,0.013249,0.013335,0.014163,0.013745,0.013244,0.014072,0.01442,0.014276,0.014043,0.013711,0.013211,0.014323,0.014228,0.014149,0.014105,0.013982,0.014022,0.013792,0.013997,0.01312,0.013771,0.013149,0.01309,0.014129,0.013129,0.013672,0.014356,0.014131,0.013192,0.014125,0.014237,0.013363,0.013784,0.014407,0.013203,0.013405,0.013866,0.013972,0.014297,0.013622,0.013236,0.014085,0.013991,0.013226,0.013294,0.013303,0.013989,0.013273,0.013363,0.013478,0.014063,0.01391,0.01421,0.013496,0.014215,0.014167,0.013551,0.01402,0.01375,0.013247,0.014349,0.013772,0.01424,0.014215,0.014318,0.01374,0.013871,0.014238,0.014432,0.014089,0.013938,0.014185,0.013898,0.014249,0.014118,0.013799,0.01433,0.014077,0.013948,0.013285,0.014404,0.014366,0.014045,0.014362,0.013818,0.014111,0.01352,0.013628,0.013239,0.013353,0.014436,0.01427
490,0.015366,0.015313,0.015382,0.013915,0.014727,0.014489,0.013936,0.01523,0.015454,0.014977,0.014619,0.015234,0.014528,0.015096,0.014213,0.014689,0.014922,0.014343,0.014978,0.014088,0.014726,0.015039,0.015372,0.015237,0.01471,0.01479,0.015331,0.015077,0.015238,0.014316,0.01493,0.015005,0.01393,0.014826,0.013975,0.014703,0.014218,0.01401,0.014997,0.015408,0.015464,0.015324,0.014864,0.014339,0.015174,0.015422,0.014306,0.015423,0.014804,0.013983,0.01541,0.014242,0.013872,0.015047,0.01487,0.015224,0.015391,0.015137,0.015273,0.014348,0.014247,0.015402,0.014374,0.014719,0.014954,0.014773,0.014956,0.015271,0.014036,0.014976,0.014945,0.014923,0.014736,0.014247,0.0142,0.015431,0.014565,0.013978,0.014625,0.015404,0.015004,0.014438,0.014895,0.015153,0.014908,0.014904,0.014378,0.015013,0.015458,0.0145,0.014262,0.014522,0.014415,0.015436,0.015312,0.014484,0.014926,0.015172,0.014201,0.014847,0.0141,0.014947,0.014265,0.014921,0.015461,0.014815,0.015292,0.014713,0.01492,0.015472,0.01424,0.015281,0.015056,0.014973,0.015292,0.01541,0.015096,0.0142,0.015155,0.014685,0.014302,0.014568,0.014859,0.015399,0.014673,0.015426,0.014794,0.014465,0.015158,0.014472,0.014547,0.015201,0.014754,0.01386,0.014922,0.015184,0.015289,0.014059,0.015334,0.014591,0.014755,0.014249,0.015249,0.015289,0.014675,0.014749,0.015132,0.015424,0.014139,0.014778,0.014889,0.014626,0.014396,0.01534,0.015132,0.014556,0.015342,0.015354,0.015122,0.014037,0.014447,0.014492,0.015426,0.014847,0.01541,0.014609,0.015344,0.014841,0.014316,0.015204,0.014156,0.014925,0.015034,0.015396,0.015153,0.015204,0.014619,0.015372,0.014521,0.015329,0.014273,0.015336,0.014374,0.01437,0.014037,0.015411,0.014201,0.014622,0.013991,0.014925,0.015459,0.015148,0.014778,0.014844,0.014794,0.013929,0.01526,0.01511,0.015252,0.015132,0.014936,0.015319,0.014465,0.015311,0.015107,0.014923,0.014795,0.014387,0.014571,0.015045,0.014844,0.0147,0.014244,0.014978,0.015218,0.014641,0.015413,0.015206,0.014731,0.014467,0.01472,0.015173,0.014576,0.014282,0.015047,0.015286,0.015327,0.015039,0.014009,0.01466,0.015408,0.013912,0.013972,0.014834,0.015218,0.01474,0.014416,0.015167,0.014358,0.014903,0.014715,0.014144,0.014502,0.015015,0.015001,0.015289,0.015409,0.014405,0.015373,0.014703,0.014095,0.015201,0.015345,0.015146,0.014436,0.015158,0.015148,0.015166,0.014904,0.014814,0.015368,0.014623,0.014836,0.014455,0.014806,0.014347,0.015405,0.014982,0.015333,0.014305,0.015268,0.01513,0.014742,0.0144,0.014295,0.014559,0.014778,0.014608,0.013951,0.014922,0.014651,0.015185,0.015129,0.01502,0.015224,0.015434,0.015112,0.01434,0.014748,0.015079,0.015092,0.014666,0.015201,0.015378,0.01451,0.01482,0.014825,0.014751,0.014929,0.015237,0.014457,0.014539,0.014336,0.014308,0.014937,0.014777,0.014833,0.015019,0.014651,0.015378,0.015474,0.014136,0.014496,0.013977,0.015247,0.015127,0.015328,0.015291,0.01483,0.014151,0.015302,0.015151,0.015335,0.014573,0.01474,0.015297,0.015163,0.014956,0.014549,0.015072,0.01402,0.015049,0.015293,0.014784,0.014092,0.015032,0.014623,0.013894,0.014873,0.015155,0.014036,0.015434,0.014334,0.014736,0.015184,0.015173,0.014127,0.014844,0.014851,0.014922,0.015161,0.014139,0.015411,0.014304,0.014494,0.015213,0.014475,0.014972,0.014019,0.014463,0.014617,0.01508,0.015233,0.014292,0.015131,0.014483,0.014439,0.015109,0.014821,0.015343,0.015069,0.01541,0.014562,0.014564,0.015229,0.014408,0.01525,0.015274,0.015318,0.015458,0.015446,0.014668,0.014631,0.014715,0.014882,0.014901,0.015136,0.014675,0.014595,0.015037,0.01461,0.015061,0.015201,0.01533,0.015264,0.014955,0.014419,0.015421,0.015277,0.015023,0.014981,0.015254,0.015152,0.014199,0.015204,0.014563,0.014057,0.014568,0.014099,0.014198,0.015122,0.01464,0.014094,0.015011,0.015416,0.015263,0.014986,0.014635,0.014124,0.015291,0.015263,0.01517,0.015098,0.014917,0.014951,0.014771,0.014958,0.013985,0.014736,0.013991,0.013942,0.015123,0.014016,0.014555,0.015369,0.015118,0.01409,0.015115,0.015211,0.014266,0.014758,0.015434,0.014063,0.014284,0.014859,0.014953,0.015287,0.014502,0.014118,0.01506,0.014913,0.014099,0.014145,0.014204,0.014977,0.014139,0.014272,0.01436,0.01502,0.014873,0.015242,0.01443,0.015165,0.015177,0.014464,0.015018,0.014673,0.014085,0.015394,0.014701,0.015237,0.015208,0.015361,0.014709,0.014814,0.015237,0.015428,0.015087,0.014856,0.015193,0.014885,0.015203,0.015103,0.014696,0.015349,0.015052,0.01493,0.014195,0.01545,0.015342,0.015044,0.015344,0.014784,0.015096,0.014425,0.014518,0.014118,0.014231,0.015435,0.015243
560,0.073676,0.069874,0.072805,0.065096,0.069603,0.069361,0.066636,0.071244,0.073341,0.070132,0.069422,0.069952,0.068895,0.071051,0.068076,0.069889,0.070782,0.067481,0.07321,0.068387,0.068306,0.070816,0.074584,0.070404,0.070011,0.067451,0.073806,0.071477,0.074058,0.065325,0.068317,0.069817,0.067376,0.0689,0.065599,0.071036,0.06816,0.064091,0.069373,0.072813,0.07482,0.07004,0.068248,0.068346,0.069501,0.073469,0.067431,0.073246,0.068637,0.066946,0.074655,0.064844,0.063083,0.073834,0.071995,0.072265,0.071885,0.07028,0.070214,0.069133,0.06634,0.070472,0.066124,0.068615,0.069131,0.068227,0.068487,0.069333,0.065921,0.072039,0.069515,0.072311,0.067287,0.065055,0.065208,0.07171,0.069016,0.066417,0.069405,0.075345,0.069118,0.068706,0.06927,0.07351,0.068198,0.072614,0.066962,0.069871,0.074204,0.070936,0.065525,0.069857,0.065663,0.073455,0.074322,0.067856,0.073314,0.070834,0.069377,0.072249,0.067056,0.069073,0.069857,0.068386,0.07325,0.06774,0.072559,0.06911,0.071056,0.075682,0.065218,0.071071,0.070421,0.068738,0.072386,0.071517,0.073627,0.064844,0.070964,0.071224,0.068222,0.066718,0.06843,0.073316,0.068362,0.074523,0.068737,0.070892,0.069852,0.067851,0.068598,0.069706,0.070489,0.062732,0.072535,0.073416,0.070846,0.067009,0.073394,0.0664,0.069926,0.069322,0.073552,0.073559,0.071399,0.068303,0.071234,0.070715,0.066068,0.070395,0.067708,0.068669,0.067172,0.069699,0.073579,0.067728,0.070836,0.075414,0.070959,0.066617,0.066606,0.067632,0.072095,0.068511,0.07329,0.067983,0.069675,0.071365,0.067464,0.070513,0.067652,0.07065,0.071515,0.074934,0.072226,0.073798,0.071335,0.071019,0.066099,0.069892,0.069652,0.073225,0.070099,0.069477,0.067371,0.07436,0.066651,0.07046,0.068362,0.069513,0.075224,0.071243,0.069386,0.067822,0.071724,0.065372,0.07278,0.07013,0.070426,0.07434,0.073091,0.074896,0.070105,0.070795,0.069257,0.070477,0.072142,0.067763,0.071303,0.069168,0.070677,0.071418,0.066991,0.06842,0.074253,0.070286,0.073773,0.06967,0.070455,0.065878,0.071026,0.071991,0.068297,0.065652,0.072845,0.070865,0.073251,0.073001,0.066086,0.071929,0.075128,0.063637,0.065803,0.068796,0.073508,0.071809,0.067967,0.070778,0.067659,0.073138,0.067338,0.064978,0.069292,0.072626,0.072024,0.073829,0.075451,0.069756,0.075266,0.071931,0.067565,0.074249,0.069791,0.069989,0.069732,0.073625,0.073559,0.070809,0.06909,0.071834,0.073483,0.071081,0.067498,0.067504,0.070668,0.065927,0.070597,0.069399,0.074822,0.069611,0.070204,0.072161,0.067765,0.065377,0.065363,0.070213,0.069613,0.070418,0.066352,0.070618,0.067979,0.071006,0.073644,0.072299,0.07221,0.07145,0.07082,0.06602,0.067197,0.070032,0.072511,0.070065,0.069813,0.074335,0.067863,0.06973,0.069696,0.071905,0.07184,0.069953,0.068841,0.068569,0.066014,0.065024,0.072583,0.06815,0.071848,0.069555,0.069381,0.070247,0.074139,0.068156,0.069236,0.064932,0.069492,0.073599,0.072194,0.074514,0.067733,0.066993,0.072645,0.069604,0.069785,0.0697,0.068195,0.069679,0.072618,0.069435,0.069441,0.068917,0.063744,0.069207,0.069524,0.069469,0.06605,0.070036,0.069066,0.065429,0.070307,0.072766,0.066745,0.072171,0.067105,0.070036,0.070845,0.07049,0.064591,0.072765,0.06949,0.067903,0.072857,0.064035,0.072097,0.067646,0.067236,0.071359,0.066773,0.069136,0.06687,0.066609,0.067689,0.072727,0.070651,0.068397,0.06897,0.070092,0.068223,0.074044,0.068608,0.07235,0.070823,0.074219,0.071357,0.068029,0.073084,0.067052,0.070148,0.069304,0.071385,0.07589,0.075425,0.069977,0.066914,0.068086,0.072644,0.068751,0.072635,0.06799,0.070495,0.070886,0.069906,0.070823,0.068997,0.075164,0.07349,0.06977,0.070301,0.07237,0.073295,0.070621,0.073174,0.071809,0.071079,0.066359,0.071224,0.066153,0.065409,0.07015,0.064594,0.06536,0.06992,0.06666,0.064642,0.068814,0.071693,0.071466,0.069182,0.068674,0.06883,0.070126,0.074825,0.074167,0.072385,0.068783,0.068325,0.072223,0.070481,0.065775,0.071304,0.064218,0.064888,0.072346,0.067175,0.066061,0.072985,0.071919,0.067843,0.072079,0.07068,0.067889,0.071914,0.073839,0.065343,0.066267,0.072953,0.0719,0.071673,0.065958,0.066672,0.071204,0.067952,0.066178,0.064584,0.067887,0.072325,0.065656,0.068304,0.066367,0.070017,0.070775,0.07471,0.069835,0.069203,0.073289,0.068275,0.072965,0.06855,0.063831,0.075199,0.068853,0.072264,0.071989,0.075165,0.071596,0.069554,0.072423,0.071672,0.072754,0.067766,0.073189,0.072475,0.06938,0.071814,0.066758,0.073504,0.0712,0.072051,0.068479,0.075097,0.070499,0.072929,0.07092,0.071219,0.071801,0.067783,0.066549,0.066533,0.066284,0.071834,0.070553
665,0.022276,0.020903,0.021949,0.019535,0.020899,0.020889,0.020107,0.021398,0.022137,0.021034,0.020865,0.020936,0.020699,0.021348,0.02052,0.021017,0.021284,0.020242,0.022191,0.020706,0.020427,0.021272,0.022621,0.021096,0.021056,0.020114,0.022332,0.021508,0.022448,0.019473,0.020395,0.020916,0.020398,0.02062,0.019695,0.021446,0.02055,0.019131,0.020758,0.021948,0.022693,0.02096,0.020381,0.020566,0.020783,0.022189,0.020238,0.022106,0.020529,0.020202,0.022641,0.019325,0.018821,0.022412,0.021756,0.021773,0.021611,0.021063,0.021025,0.020863,0.019858,0.021107,0.019739,0.02054,0.020679,0.020389,0.020452,0.020718,0.019788,0.021742,0.020818,0.021861,0.020065,0.019398,0.019466,0.021543,0.020732,0.020001,0.020856,0.022909,0.020667,0.020662,0.020739,0.022258,0.020357,0.021983,0.020039,0.020934,0.02246,0.021492,0.01956,0.021065,0.019566,0.022182,0.022533,0.02033,0.022249,0.021257,0.021033,0.021862,0.020185,0.02066,0.021187,0.020421,0.022102,0.020211,0.021871,0.020722,0.021387,0.023025,0.019457,0.021329,0.021125,0.020537,0.021807,0.021476,0.022318,0.019337,0.021307,0.021525,0.020536,0.0199,0.020446,0.022136,0.02046,0.022587,0.020567,0.021492,0.020908,0.020333,0.020583,0.020853,0.021221,0.018702,0.021948,0.022214,0.021248,0.020187,0.022176,0.019784,0.021011,0.020985,0.022252,0.022247,0.021596,0.020422,0.021409,0.02119,0.019799,0.021178,0.020189,0.020584,0.02011,0.020841,0.022289,0.020262,0.021239,0.022947,0.02131,0.020049,0.01989,0.020246,0.021683,0.020476,0.022124,0.02034,0.020832,0.021525,0.020246,0.021138,0.020386,0.021235,0.021531,0.022751,0.021771,0.022356,0.021594,0.021302,0.019693,0.020909,0.021102,0.022112,0.021226,0.020985,0.020337,0.022528,0.01999,0.021256,0.020752,0.02082,0.02285,0.02141,0.020806,0.020235,0.021677,0.019631,0.021959,0.021013,0.021102,0.022585,0.022158,0.022753,0.021184,0.021227,0.020704,0.021172,0.021838,0.02033,0.021603,0.02068,0.021265,0.021594,0.020098,0.020426,0.022528,0.021182,0.022305,0.02084,0.021216,0.019628,0.021436,0.021681,0.020463,0.019598,0.02203,0.021255,0.022123,0.022092,0.019862,0.021809,0.022823,0.019004,0.019773,0.02058,0.022242,0.02173,0.020394,0.021238,0.020302,0.022188,0.020087,0.019402,0.020858,0.021955,0.02173,0.022349,0.022949,0.021077,0.022885,0.021792,0.020382,0.022531,0.020873,0.020958,0.021053,0.0223,0.022278,0.021249,0.020673,0.021713,0.022203,0.021494,0.020123,0.020211,0.021273,0.019677,0.02115,0.02077,0.022721,0.021069,0.021022,0.021752,0.020232,0.01947,0.019492,0.021186,0.020889,0.021245,0.01999,0.021224,0.020328,0.021317,0.022315,0.021829,0.021753,0.02145,0.021261,0.019712,0.020032,0.020982,0.021892,0.02109,0.02089,0.022524,0.020325,0.020921,0.020908,0.021763,0.021679,0.020936,0.020705,0.020575,0.019711,0.01937,0.021961,0.020361,0.021711,0.02082,0.020839,0.021029,0.022433,0.020589,0.020839,0.019448,0.020775,0.022299,0.021731,0.022612,0.020206,0.020138,0.021901,0.020822,0.020871,0.020985,0.020385,0.020836,0.021917,0.020787,0.020896,0.020589,0.019005,0.020693,0.020783,0.020834,0.019812,0.02099,0.020731,0.019668,0.02112,0.021974,0.020098,0.02171,0.020107,0.021057,0.02126,0.021134,0.01927,0.022063,0.020827,0.020253,0.022007,0.019071,0.021685,0.020318,0.020103,0.021442,0.019942,0.020678,0.020154,0.019887,0.020232,0.021976,0.021184,0.020607,0.020602,0.021172,0.020481,0.022476,0.020516,0.021786,0.021269,0.022474,0.021628,0.020369,0.022078,0.020062,0.021004,0.020708,0.021438,0.023109,0.02293,0.021056,0.019955,0.020351,0.022003,0.020552,0.021929,0.020326,0.021279,0.021298,0.02105,0.021271,0.020606,0.022855,0.022225,0.020908,0.021282,0.021783,0.022149,0.021204,0.022176,0.0216,0.021349,0.019883,0.021394,0.019703,0.01959,0.021158,0.019281,0.019521,0.020936,0.019864,0.019299,0.020559,0.021539,0.021474,0.020692,0.020583,0.02086,0.020993,0.02274,0.022507,0.021843,0.020562,0.020396,0.021879,0.021166,0.019756,0.021537,0.019183,0.019446,0.021823,0.020272,0.019673,0.022017,0.021664,0.020492,0.021724,0.021197,0.020425,0.021763,0.022326,0.019564,0.019819,0.022131,0.021695,0.021546,0.019648,0.020032,0.021411,0.020271,0.019856,0.019262,0.020453,0.02185,0.019648,0.02058,0.01983,0.020986,0.021294,0.0227,0.021096,0.02068,0.022167,0.020491,0.022084,0.020528,0.019016,0.022854,0.020631,0.021771,0.021674,0.022848,0.021659,0.020859,0.021829,0.02153,0.021985,0.020214,0.022126,0.021936,0.020739,0.021628,0.019888,0.022214,0.021411,0.021759,0.020685,0.022803,0.02112,0.022063,0.021269,0.021487,0.021624,0.020324,0.019852,0.019981,0.019843,0.021588,0.021148
705,0.11378,0.10866,0.11264,0.099855,0.10754,0.10674,0.10187,0.11042,0.11342,0.10864,0.1071,0.1087,0.10622,0.11001,0.10443,0.10785,0.10942,0.10398,0.11269,0.1045,0.10584,0.10963,0.11499,0.1093,0.10804,0.10481,0.11392,0.11055,0.11416,0.10111,0.10616,0.10826,0.10279,0.10678,0.10065,0.10937,0.10455,0.098805,0.10766,0.11267,0.11539,0.1089,0.10598,0.10508,0.10803,0.11356,0.10382,0.11326,0.1064,0.10239,0.11512,0.10032,0.097169,0.11362,0.11093,0.11177,0.11142,0.10903,0.10908,0.10612,0.10227,0.10954,0.10228,0.10623,0.10728,0.10581,0.10643,0.1079,0.10122,0.11115,0.10778,0.11143,0.10451,0.10061,0.1007,0.11122,0.10646,0.1017,0.10709,0.11603,0.10733,0.10578,0.10738,0.11333,0.10598,0.11179,0.10338,0.10834,0.11457,0.1088,0.10125,0.10746,0.10177,0.11355,0.11459,0.10478,0.11275,0.10981,0.10605,0.11122,0.10283,0.10719,0.10683,0.10624,0.1133,0.10523,0.11223,0.10687,0.10978,0.11654,0.10081,0.11024,0.10912,0.10678,0.112,0.11095,0.11341,0.10023,0.10996,0.10957,0.10483,0.10346,0.10621,0.11334,0.10581,0.11496,0.10652,0.10866,0.10849,0.10474,0.10588,0.10834,0.10875,0.096688,0.11172,0.11325,0.10995,0.10267,0.11338,0.10308,0.10801,0.10611,0.1135,0.11355,0.10978,0.10587,0.1103,0.10988,0.10166,0.10867,0.1053,0.10613,0.1037,0.10845,0.1134,0.10476,0.10998,0.11607,0.10992,0.10211,0.10307,0.1045,0.11173,0.1063,0.11331,0.1052,0.10842,0.11005,0.10389,0.10942,0.10374,0.10925,0.11055,0.11548,0.11164,0.11378,0.10958,0.11025,0.10255,0.1087,0.10659,0.11316,0.10742,0.10661,0.10307,0.11473,0.10257,0.10845,0.1042,0.10775,0.11592,0.11033,0.10735,0.10538,0.11044,0.10024,0.11249,0.1088,0.10935,0.1144,0.11247,0.11535,0.10765,0.1099,0.10764,0.10902,0.11098,0.10444,0.10943,0.10745,0.10916,0.10986,0.10311,0.10637,0.11439,0.10827,0.11396,0.10829,0.10866,0.10215,0.10939,0.11135,0.10554,0.10146,0.11232,0.10997,0.11318,0.11251,0.10136,0.11044,0.11575,0.09798,0.1009,0.10666,0.11341,0.11045,0.10477,0.10973,0.10424,0.11248,0.10454,0.10027,0.10668,0.11198,0.11117,0.11391,0.11617,0.10705,0.1159,0.11053,0.10347,0.11437,0.10858,0.10866,0.1071,0.11349,0.11339,0.10977,0.10715,0.11062,0.11353,0.10926,0.10494,0.10426,0.10908,0.10197,0.10971,0.10767,0.11527,0.10662,0.10907,0.11152,0.10515,0.10136,0.10112,0.108,0.10764,0.10837,0.10155,0.1092,0.10527,0.11005,0.11348,0.11156,0.1117,0.11088,0.10972,0.10207,0.10441,0.10864,0.11194,0.10803,0.10848,0.11467,0.10484,0.10787,0.10783,0.11059,0.11082,0.1087,0.106,0.10582,0.10206,0.1007,0.11181,0.10572,0.11067,0.10793,0.10711,0.10922,0.11449,0.10433,0.10659,0.099804,0.10809,0.11342,0.11178,0.11482,0.10525,0.10288,0.11235,0.10815,0.10857,0.10736,0.10571,0.10839,0.11217,0.10769,0.10698,0.10714,0.098381,0.1075,0.10818,0.10747,0.10153,0.10858,0.10664,0.10023,0.10872,0.11235,0.10227,0.11184,0.10347,0.10812,0.10984,0.10935,0.099731,0.11189,0.1076,0.1056,0.11248,0.099036,0.11172,0.1041,0.10399,0.11055,0.10334,0.10731,0.10239,0.10311,0.10482,0.11221,0.10963,0.10503,0.10728,0.10767,0.10515,0.11398,0.10639,0.112,0.10968,0.11454,0.10948,0.10517,0.11286,0.10356,0.10898,0.10787,0.11069,0.1168,0.11617,0.10792,0.10383,0.10553,0.1118,0.1067,0.11216,0.10533,0.10844,0.10972,0.10771,0.10967,0.10739,0.11572,0.11343,0.10813,0.10779,0.1121,0.11319,0.10935,0.11265,0.11119,0.11011,0.10219,0.11036,0.1027,0.10061,0.10794,0.099669,0.10089,0.10854,0.10351,0.099718,0.10693,0.11119,0.11075,0.10739,0.10615,0.10515,0.10898,0.1152,0.11422,0.11178,0.10677,0.1062,0.11105,0.10907,0.1009,0.10978,0.098922,0.099658,0.11176,0.10277,0.10257,0.11287,0.11119,0.10381,0.1114,0.10965,0.10432,0.11062,0.11406,0.10055,0.10227,0.11216,0.11094,0.11105,0.10233,0.10239,0.11017,0.10566,0.10171,0.099763,0.10416,0.11153,0.10113,0.10487,0.10257,0.10854,0.10933,0.11502,0.10722,0.10763,0.11307,0.10528,0.11243,0.10606,0.098647,0.11583,0.10651,0.11178,0.11138,0.11575,0.11011,0.10763,0.11199,0.11117,0.11225,0.10533,0.11296,0.11158,0.1079,0.11103,0.10374,0.11354,0.11015,0.1111,0.10489,0.11574,0.10953,0.11242,0.11009,0.10976,0.111,0.10455,0.10314,0.10221,0.10217,0.11139,0.10951
740,0.30334,0.30111,0.30339,0.25342,0.28475,0.27583,0.25401,0.29974,0.30492,0.29295,0.28079,0.29949,0.27739,0.29642,0.26496,0.28339,0.29132,0.27024,0.29329,0.25983,0.28471,0.29481,0.3037,0.29967,0.28414,0.28683,0.30263,0.29596,0.30059,0.26938,0.29132,0.29371,0.25365,0.2881,0.25573,0.28388,0.26515,0.25735,0.29342,0.30389,0.30557,0.3014,0.28929,0.27,0.29801,0.30437,0.26876,0.30432,0.28737,0.25583,0.30448,0.2665,0.25201,0.29544,0.28972,0.29985,0.30328,0.2973,0.3004,0.27024,0.26653,0.303,0.2716,0.28446,0.29212,0.28632,0.29209,0.30009,0.25811,0.29311,0.29191,0.29148,0.28501,0.26667,0.26481,0.30395,0.2788,0.25573,0.28103,0.30455,0.29357,0.27389,0.29035,0.29834,0.29064,0.29086,0.27168,0.29396,0.30527,0.27611,0.26723,0.27709,0.27324,0.30462,0.30235,0.27577,0.29162,0.29829,0.26426,0.28895,0.26053,0.29192,0.26679,0.29105,0.30501,0.28767,0.30147,0.28424,0.29131,0.30597,0.26638,0.30082,0.29522,0.29264,0.30143,0.30351,0.2968,0.26484,0.29789,0.28318,0.26851,0.279,0.28914,0.30388,0.28283,0.30476,0.28706,0.27471,0.29773,0.27528,0.27813,0.29869,0.28572,0.25158,0.29145,0.29914,0.30094,0.25888,0.3026,0.27984,0.28573,0.26622,0.30074,0.30164,0.28281,0.28549,0.29738,0.30348,0.26222,0.28657,0.28999,0.28109,0.27239,0.30158,0.2978,0.27853,0.30201,0.30352,0.29707,0.25806,0.2744,0.27607,0.30399,0.28877,0.30409,0.28051,0.30166,0.28873,0.26914,0.29896,0.26271,0.29142,0.29478,0.30428,0.29812,0.29971,0.28069,0.30263,0.27725,0.30145,0.26716,0.30258,0.27115,0.27109,0.25795,0.30442,0.26464,0.28086,0.25594,0.29132,0.30559,0.29779,0.28652,0.28862,0.28712,0.25392,0.30081,0.29659,0.30003,0.29792,0.29195,0.30264,0.27481,0.30137,0.29635,0.29134,0.28715,0.27196,0.27886,0.29471,0.28882,0.28372,0.26633,0.29271,0.30013,0.28159,0.30428,0.29879,0.28488,0.2752,0.28449,0.29856,0.27925,0.26801,0.29533,0.30088,0.3024,0.2951,0.25701,0.28223,0.30458,0.25353,0.25557,0.28838,0.29998,0.28518,0.27308,0.29815,0.27082,0.29088,0.28429,0.26258,0.27635,0.29435,0.29388,0.30172,0.30469,0.27243,0.30389,0.28382,0.26025,0.29972,0.30171,0.29747,0.2737,0.2985,0.29822,0.29814,0.29061,0.28781,0.30332,0.28088,0.28832,0.27467,0.28753,0.27055,0.30311,0.29299,0.30293,0.26844,0.30029,0.29751,0.28525,0.27266,0.26856,0.27848,0.28653,0.28034,0.25465,0.29131,0.28205,0.29865,0.29771,0.29448,0.29985,0.30393,0.29679,0.27027,0.28543,0.29577,0.29656,0.28255,0.29871,0.30375,0.27676,0.28796,0.28812,0.28558,0.29165,0.29955,0.27462,0.27781,0.27011,0.26908,0.29193,0.28646,0.28848,0.29407,0.282,0.30248,0.30554,0.26182,0.27611,0.25592,0.29963,0.29766,0.30214,0.30193,0.28816,0.26258,0.3017,0.29749,0.30153,0.27905,0.28519,0.30074,0.29844,0.29222,0.27814,0.29536,0.25779,0.29482,0.30061,0.28673,0.26036,0.2945,0.28098,0.25254,0.28976,0.29827,0.25801,0.30416,0.26992,0.28506,0.29859,0.29822,0.26196,0.28887,0.28897,0.29101,0.29843,0.26247,0.30372,0.26865,0.27616,0.29939,0.27547,0.29267,0.25732,0.27504,0.28078,0.29623,0.29965,0.26808,0.29686,0.2755,0.27398,0.29724,0.28795,0.30249,0.29565,0.30436,0.27852,0.27881,0.30016,0.27284,0.2999,0.30015,0.30168,0.30578,0.3054,0.28262,0.28129,0.2843,0.29014,0.2905,0.29775,0.2829,0.27985,0.29478,0.28044,0.29543,0.29849,0.30295,0.30107,0.29224,0.27294,0.30401,0.30133,0.29434,0.29335,0.30044,0.29786,0.26462,0.29914,0.27881,0.25904,0.27882,0.26083,0.2647,0.29686,0.28161,0.26063,0.29371,0.30369,0.30054,0.29308,0.28144,0.26121,0.30075,0.30132,0.2989,0.2967,0.29098,0.29194,0.28632,0.2924,0.25611,0.28506,0.25658,0.25451,0.29735,0.25712,0.27852,0.30319,0.29716,0.25999,0.2971,0.29917,0.2671,0.28585,0.30471,0.25929,0.26801,0.28938,0.29241,0.30113,0.27656,0.26129,0.29546,0.29076,0.26063,0.26266,0.26461,0.29317,0.26231,0.2673,0.27104,0.29416,0.28976,0.3008,0.27346,0.29773,0.29891,0.27496,0.29449,0.28284,0.26035,0.30432,0.28382,0.30017,0.29941,0.30361,0.28405,0.28775,0.30021,0.3039,0.29645,0.28897,0.29932,0.29025,0.29865,0.29675,0.28362,0.30293,0.29524,0.29169,0.26414,0.30539,0.30189,0.29525,0.30206,0.28675,0.29655,0.27346,0.27712,0.26133,0.26592,0.30406,0.29986
783,0.3406,0.34066,0.34141,0.27919,0.31772,0.30584,0.27905,0.33746,0.34316,0.32871,0.31247,0.33823,0.30824,0.33286,0.29235,0.31565,0.32591,0.29967,0.3268,0.28551,0.31865,0.33077,0.34038,0.33809,0.31658,0.32227,0.33948,0.33187,0.33637,0.30002,0.32789,0.33003,0.27817,0.32289,0.28188,0.3155,0.29254,0.28493,0.32999,0.34213,0.34287,0.34093,0.32509,0.29878,0.33647,0.34226,0.29775,0.34238,0.32208,0.28121,0.34145,0.2965,0.27861,0.32932,0.32277,0.33677,0.34204,0.33477,0.33931,0.2986,0.29552,0.34288,0.30242,0.31807,0.32835,0.32093,0.32884,0.33966,0.28476,0.32743,0.32774,0.32497,0.31987,0.29658,0.294,0.34317,0.31006,0.28138,0.3128,0.34099,0.33042,0.3037,0.32573,0.33363,0.32703,0.3239,0.30195,0.33034,0.34294,0.30518,0.29701,0.30719,0.30497,0.34264,0.33866,0.3068,0.32443,0.33572,0.29065,0.32154,0.28721,0.32812,0.29364,0.32745,0.34337,0.32322,0.33885,0.31739,0.32568,0.34274,0.29608,0.33917,0.33168,0.32942,0.33893,0.34269,0.33138,0.29429,0.33505,0.31443,0.2969,0.31202,0.32472,0.34168,0.31601,0.34194,0.32157,0.30336,0.33576,0.30614,0.30945,0.33728,0.31839,0.27827,0.32476,0.33482,0.33954,0.2851,0.33977,0.31341,0.31883,0.29323,0.33699,0.33827,0.3138,0.31972,0.33408,0.34337,0.29003,0.31963,0.32652,0.31341,0.30274,0.34151,0.33282,0.31061,0.3411,0.33947,0.33386,0.28428,0.30585,0.30737,0.34289,0.32414,0.342,0.31312,0.34164,0.32188,0.29823,0.33697,0.28968,0.32615,0.33018,0.34092,0.33433,0.33533,0.31101,0.34186,0.3101,0.34113,0.29425,0.33989,0.29919,0.2995,0.28368,0.3416,0.29283,0.31182,0.28054,0.32691,0.34257,0.33467,0.32031,0.32449,0.31942,0.27967,0.33771,0.33388,0.33858,0.3324,0.32504,0.33863,0.304,0.34022,0.33428,0.32616,0.31916,0.30177,0.30859,0.332,0.32251,0.31503,0.29483,0.32978,0.33557,0.31293,0.34188,0.33746,0.31728,0.30747,0.31633,0.33515,0.31118,0.29796,0.32992,0.33943,0.33961,0.32947,0.28323,0.31267,0.3412,0.28024,0.28154,0.32336,0.33594,0.31672,0.30312,0.33556,0.30033,0.32354,0.31882,0.29121,0.30658,0.32871,0.32852,0.33816,0.3411,0.30109,0.34011,0.3148,0.28654,0.33499,0.34162,0.33527,0.30278,0.33377,0.33342,0.33553,0.32625,0.32028,0.34073,0.31143,0.32433,0.30557,0.32075,0.30116,0.34293,0.32936,0.3391,0.29594,0.33916,0.33352,0.31981,0.3044,0.29889,0.3088,0.32016,0.31116,0.28003,0.32602,0.31523,0.3361,0.33264,0.32914,0.33681,0.34336,0.33358,0.30071,0.32053,0.33278,0.33189,0.31439,0.33722,0.34065,0.30813,0.32204,0.3223,0.3172,0.32556,0.33831,0.30458,0.30905,0.3005,0.29983,0.32539,0.32119,0.32119,0.33076,0.31414,0.34233,0.34338,0.28821,0.30631,0.28253,0.33884,0.3326,0.34011,0.33791,0.32391,0.28991,0.3391,0.33563,0.34135,0.30992,0.3194,0.3403,0.33446,0.32824,0.30887,0.33316,0.28573,0.33213,0.34025,0.32055,0.28761,0.33098,0.31297,0.27787,0.32409,0.33411,0.28414,0.34307,0.2995,0.31782,0.33615,0.33592,0.29066,0.32106,0.32363,0.32781,0.33426,0.29171,0.34249,0.29746,0.30777,0.33686,0.30717,0.32913,0.28316,0.30671,0.31371,0.33127,0.33784,0.29623,0.33527,0.30492,0.30414,0.33167,0.3229,0.34048,0.33196,0.34163,0.3081,0.31078,0.33654,0.30343,0.33865,0.33977,0.34014,0.34231,0.34213,0.31455,0.31501,0.31825,0.32288,0.32637,0.33347,0.31639,0.31046,0.33068,0.31164,0.33164,0.33763,0.33886,0.3375,0.32799,0.30141,0.34267,0.33803,0.33028,0.32692,0.33799,0.3349,0.29299,0.33661,0.31219,0.28629,0.30931,0.28917,0.29376,0.33444,0.31565,0.28887,0.33087,0.34279,0.33843,0.32967,0.31389,0.28703,0.3399,0.33681,0.33391,0.3322,0.32702,0.32876,0.31798,0.32765,0.28225,0.31691,0.28384,0.28073,0.33314,0.28273,0.31186,0.34097,0.33321,0.28603,0.33301,0.33711,0.29527,0.31756,0.34245,0.28665,0.29753,0.32162,0.32657,0.3391,0.30925,0.28844,0.33138,0.32741,0.28788,0.29159,0.29201,0.32729,0.29041,0.29526,0.3015,0.33051,0.32375,0.33616,0.30239,0.33633,0.33461,0.30542,0.32865,0.31588,0.28905,0.34077,0.317,0.33722,0.33636,0.3398,0.31534,0.32189,0.33715,0.34312,0.33155,0.32503,0.33526,0.32316,0.33751,0.33271,0.31835,0.34016,0.33108,0.32546,0.29103,0.34239,0.34123,0.32974,0.34111,0.31928,0.33244,0.30376,0.30957,0.28857,0.29475,0.34322,0.33823
842,0.34091,0.34112,0.34176,0.27928,0.31796,0.30599,0.2791,0.33782,0.34352,0.32902,0.31266,0.33865,0.30842,0.33318,0.29244,0.31585,0.32617,0.29983,0.32699,0.28555,0.31893,0.33108,0.34066,0.3385,0.31679,0.32262,0.33977,0.33217,0.33662,0.30025,0.32826,0.33037,0.27819,0.32319,0.28197,0.31566,0.29263,0.28509,0.33035,0.34249,0.34317,0.34138,0.32543,0.29891,0.33689,0.3426,0.2979,0.34273,0.32238,0.28126,0.34173,0.29672,0.27876,0.32951,0.32297,0.33709,0.34244,0.33515,0.33974,0.29871,0.29569,0.34335,0.30264,0.31833,0.32869,0.32124,0.32922,0.34012,0.28487,0.32767,0.32806,0.32517,0.3202,0.29679,0.29419,0.34359,0.31025,0.28145,0.313,0.34125,0.33079,0.30385,0.32605,0.33387,0.3274,0.32408,0.30214,0.33068,0.34326,0.30527,0.29721,0.30733,0.30523,0.34298,0.33893,0.307,0.32459,0.33608,0.2907,0.32171,0.2873,0.32846,0.29369,0.32781,0.34373,0.32357,0.33918,0.31764,0.32593,0.34301,0.29629,0.33956,0.33201,0.32979,0.33927,0.34311,0.3316,0.29449,0.33539,0.31458,0.29702,0.3123,0.32506,0.34202,0.31627,0.34224,0.32186,0.30345,0.33616,0.30634,0.30965,0.33771,0.3186,0.27843,0.32495,0.33508,0.33994,0.28517,0.34008,0.31371,0.31906,0.2933,0.33727,0.33856,0.31395,0.32002,0.33441,0.34384,0.29017,0.31985,0.3269,0.31364,0.30293,0.34198,0.33305,0.31085,0.34153,0.33971,0.3342,0.28436,0.30609,0.30758,0.34329,0.32446,0.34234,0.31337,0.34212,0.32208,0.29838,0.33735,0.28976,0.32642,0.33046,0.34119,0.33462,0.33558,0.31114,0.34228,0.31038,0.3416,0.29431,0.34021,0.29927,0.2996,0.28374,0.3419,0.29297,0.31198,0.28055,0.32722,0.34285,0.335,0.32058,0.32485,0.3196,0.27975,0.33802,0.33424,0.33899,0.3326,0.32522,0.33887,0.30411,0.34064,0.33468,0.32644,0.31932,0.30193,0.3087,0.33238,0.32274,0.31518,0.29498,0.33017,0.3358,0.3131,0.3422,0.33789,0.31748,0.30774,0.31651,0.33546,0.3114,0.29816,0.33014,0.33984,0.33992,0.32969,0.28332,0.31279,0.34147,0.28037,0.28163,0.32367,0.33621,0.31688,0.30329,0.33593,0.30049,0.32371,0.31914,0.29138,0.30673,0.32894,0.32876,0.33844,0.34135,0.30119,0.34036,0.31493,0.28661,0.33522,0.34209,0.33566,0.30289,0.334,0.33365,0.33588,0.32658,0.32045,0.34105,0.31156,0.3247,0.30578,0.32097,0.30138,0.34339,0.32971,0.33935,0.29601,0.33959,0.3338,0.32013,0.30466,0.29912,0.30895,0.32041,0.31132,0.28009,0.32629,0.31549,0.33645,0.33287,0.32938,0.33714,0.3438,0.33392,0.30093,0.32087,0.33314,0.33215,0.31458,0.33763,0.34094,0.30834,0.3223,0.32257,0.31735,0.32578,0.33873,0.30474,0.30924,0.30071,0.30007,0.32559,0.3215,0.32138,0.33111,0.31435,0.3428,0.34371,0.28828,0.30646,0.28265,0.33929,0.33283,0.34047,0.33816,0.32426,0.29002,0.33943,0.33603,0.34182,0.31009,0.3197,0.34076,0.33474,0.32857,0.30904,0.33356,0.28591,0.33251,0.34072,0.32081,0.28773,0.33131,0.31318,0.27794,0.32436,0.33438,0.28421,0.34347,0.29967,0.31804,0.33651,0.3363,0.29084,0.32122,0.32392,0.32819,0.33453,0.29192,0.34289,0.2976,0.308,0.33722,0.30741,0.32948,0.28323,0.30695,0.31398,0.33151,0.33824,0.29634,0.3357,0.30504,0.30431,0.33188,0.32322,0.34084,0.33227,0.34193,0.3082,0.31101,0.33683,0.30363,0.33907,0.34024,0.34054,0.34256,0.3424,0.31474,0.31531,0.31854,0.32305,0.32671,0.33374,0.31667,0.3106,0.33098,0.31182,0.33196,0.33808,0.3391,0.33779,0.32831,0.3015,0.34306,0.33833,0.33059,0.32711,0.33834,0.33524,0.29314,0.33697,0.31249,0.28642,0.30945,0.28934,0.29395,0.33482,0.31596,0.28904,0.33125,0.34321,0.3388,0.33002,0.31412,0.28707,0.34034,0.33704,0.33413,0.33246,0.32737,0.32914,0.31812,0.32794,0.28235,0.31708,0.28398,0.28084,0.33342,0.28279,0.31216,0.34131,0.3335,0.28609,0.33329,0.3375,0.29539,0.31772,0.34277,0.28679,0.29772,0.32178,0.3268,0.33947,0.30953,0.28854,0.33168,0.32779,0.288,0.29178,0.29211,0.32752,0.29056,0.29536,0.30171,0.33084,0.32399,0.33638,0.3025,0.33676,0.33487,0.3056,0.32886,0.31614,0.28924,0.34103,0.31725,0.33754,0.33668,0.34004,0.31549,0.32216,0.33746,0.34354,0.33179,0.3254,0.33552,0.32334,0.33794,0.333,0.31869,0.34047,0.33137,0.32567,0.2911,0.34267,0.34167,0.32997,0.34153,0.31947,0.33273,0.30394,0.30983,0.28868,0.29491,0.34364,0.33863
865,0.33969,0.3399,0.34054,0.27842,0.31689,0.30499,0.27824,0.33663,0.34228,0.32788,0.31162,0.33745,0.30741,0.33202,0.29152,0.3148,0.32505,0.29887,0.32586,0.28466,0.31786,0.32992,0.33944,0.3373,0.31573,0.32153,0.33856,0.33101,0.33543,0.29928,0.32712,0.32922,0.27734,0.32209,0.28111,0.31461,0.29171,0.28421,0.3292,0.34126,0.34194,0.34016,0.32432,0.29795,0.3357,0.34137,0.29695,0.3415,0.32128,0.28039,0.34051,0.29578,0.27791,0.32837,0.32187,0.3359,0.34121,0.33397,0.33853,0.29775,0.29475,0.34212,0.30167,0.31726,0.32756,0.32015,0.32808,0.33891,0.28398,0.32653,0.32693,0.32405,0.31912,0.29585,0.29326,0.34236,0.30922,0.28059,0.31196,0.34003,0.32964,0.30287,0.32493,0.3327,0.32627,0.32297,0.30116,0.32953,0.34203,0.30428,0.29626,0.30632,0.30424,0.34175,0.33772,0.306,0.32348,0.33489,0.28978,0.32062,0.28641,0.32733,0.29276,0.32668,0.34249,0.32246,0.33797,0.31657,0.32481,0.34177,0.29535,0.33836,0.33085,0.32864,0.33806,0.34188,0.33044,0.29356,0.33421,0.31353,0.29607,0.31126,0.32395,0.3408,0.31521,0.34101,0.32077,0.30246,0.33498,0.30534,0.30863,0.33651,0.31753,0.27758,0.32384,0.33389,0.33873,0.28429,0.33887,0.31267,0.31798,0.29237,0.33607,0.33735,0.3129,0.31893,0.33323,0.3426,0.28926,0.31876,0.32578,0.31259,0.30195,0.34076,0.33188,0.30983,0.34031,0.33849,0.33302,0.28348,0.30509,0.30657,0.34206,0.32335,0.34112,0.31233,0.3409,0.32099,0.29743,0.33616,0.28886,0.3253,0.32931,0.33997,0.33344,0.33439,0.31011,0.34106,0.30936,0.34038,0.29337,0.33899,0.29831,0.29863,0.28286,0.34067,0.29204,0.31095,0.27969,0.32609,0.34162,0.33382,0.31949,0.32374,0.31851,0.2789,0.33682,0.33307,0.33779,0.33144,0.3241,0.33766,0.30312,0.33942,0.33351,0.32531,0.31824,0.30096,0.30768,0.33122,0.32164,0.31412,0.29404,0.32903,0.33462,0.31206,0.34098,0.33669,0.31641,0.30673,0.31544,0.33428,0.31037,0.29721,0.32899,0.33863,0.33871,0.32855,0.28245,0.31175,0.34024,0.27952,0.28076,0.32256,0.33502,0.31581,0.30231,0.33474,0.29952,0.3226,0.31806,0.29047,0.30573,0.3278,0.32762,0.33724,0.34013,0.30022,0.33914,0.31388,0.28572,0.33404,0.34087,0.33448,0.30191,0.33283,0.33248,0.3347,0.32545,0.31937,0.33983,0.31053,0.32359,0.30478,0.31988,0.30041,0.34216,0.32857,0.33814,0.29507,0.33838,0.33263,0.31905,0.30367,0.29816,0.30793,0.31933,0.31029,0.27924,0.32517,0.31444,0.33526,0.3317,0.32824,0.33594,0.34256,0.33275,0.29996,0.31978,0.33198,0.33099,0.31353,0.33644,0.33972,0.30733,0.32121,0.32147,0.31629,0.32466,0.33753,0.30375,0.30823,0.29975,0.29911,0.32447,0.32041,0.32028,0.32996,0.3133,0.34157,0.34248,0.28738,0.30546,0.28178,0.33809,0.33166,0.33926,0.33696,0.32315,0.28911,0.33823,0.33485,0.3406,0.30906,0.31862,0.33954,0.33356,0.32744,0.30802,0.3324,0.28502,0.33135,0.3395,0.31972,0.28684,0.33016,0.31214,0.27709,0.32325,0.33321,0.28333,0.34224,0.29871,0.31697,0.33533,0.33511,0.28993,0.32012,0.32281,0.32706,0.33336,0.291,0.34166,0.29665,0.30699,0.33602,0.30641,0.32834,0.28236,0.30595,0.31293,0.33036,0.33704,0.2954,0.33452,0.30405,0.30332,0.33072,0.32211,0.33963,0.33111,0.34071,0.30719,0.30998,0.33564,0.30265,0.33787,0.33903,0.33932,0.34133,0.34117,0.31369,0.31426,0.31747,0.32195,0.32558,0.33257,0.31561,0.30958,0.32983,0.31078,0.3308,0.33689,0.33789,0.33659,0.32718,0.30053,0.34183,0.33713,0.32943,0.32598,0.33713,0.33406,0.29222,0.33578,0.31146,0.28553,0.30844,0.28844,0.29302,0.33365,0.31491,0.28814,0.3301,0.34198,0.33759,0.32888,0.31307,0.28618,0.33913,0.33585,0.33295,0.3313,0.32624,0.32801,0.31705,0.32681,0.28148,0.31602,0.28311,0.27998,0.33225,0.28192,0.31113,0.34009,0.33233,0.2852,0.33212,0.3363,0.29445,0.31665,0.34154,0.2859,0.29677,0.32068,0.32567,0.33826,0.30852,0.28764,0.33052,0.32666,0.2871,0.29087,0.29119,0.32638,0.28965,0.29443,0.30074,0.32969,0.32288,0.33519,0.30152,0.33557,0.33369,0.3046,0.32772,0.31508,0.28834,0.33981,0.31618,0.33635,0.33549,0.33883,0.31444,0.32106,0.33627,0.34231,0.33063,0.32428,0.33434,0.32223,0.33675,0.33183,0.31762,0.33925,0.33022,0.32455,0.29019,0.34144,0.34045,0.32882,0.34031,0.31839,0.33157,0.30295,0.30882,0.28778,0.29398,0.3424,0.33742
945,0.31307,0.31325,0.31379,0.26018,0.29364,0.28341,0.26002,0.31045,0.31529,0.30301,0.28913,0.31115,0.2855,0.30653,0.27169,0.29185,0.30061,0.2781,0.30129,0.26568,0.29447,0.30475,0.31285,0.31102,0.29265,0.2976,0.3121,0.30567,0.30943,0.27846,0.30237,0.30415,0.25922,0.29808,0.26255,0.29169,0.27185,0.26528,0.30413,0.31442,0.31499,0.31347,0.29998,0.2773,0.30966,0.31451,0.27643,0.31462,0.2974,0.26192,0.31377,0.27541,0.25972,0.30343,0.29789,0.30983,0.31437,0.30818,0.31207,0.27712,0.27451,0.31515,0.28053,0.29396,0.30274,0.29643,0.30318,0.3124,0.26508,0.30187,0.3022,0.29976,0.29555,0.27547,0.27322,0.31536,0.28706,0.26209,0.28941,0.31335,0.30451,0.28157,0.3005,0.3071,0.30165,0.29884,0.28009,0.30441,0.31507,0.28279,0.27583,0.28456,0.28275,0.31484,0.31138,0.28428,0.29927,0.30897,0.27017,0.29683,0.26721,0.30254,0.27278,0.30199,0.31548,0.2984,0.31159,0.29337,0.3004,0.31485,0.27503,0.31192,0.30554,0.30366,0.31167,0.31494,0.30518,0.27348,0.30839,0.29076,0.27567,0.28882,0.29967,0.31401,0.29221,0.3142,0.29696,0.28122,0.30904,0.28371,0.28655,0.31035,0.29419,0.25943,0.29957,0.30812,0.31225,0.26535,0.31236,0.29003,0.29458,0.27243,0.30997,0.31107,0.29022,0.29539,0.30756,0.31557,0.26971,0.29525,0.30123,0.28996,0.28078,0.31399,0.30641,0.28758,0.31359,0.31204,0.30738,0.26464,0.28349,0.28477,0.3151,0.29916,0.31429,0.28973,0.3141,0.29714,0.27685,0.31005,0.26936,0.30082,0.30423,0.31331,0.30774,0.30855,0.28782,0.31424,0.28718,0.31365,0.27331,0.31247,0.27761,0.27789,0.26409,0.31391,0.27215,0.28854,0.26129,0.3015,0.31472,0.30806,0.29587,0.29949,0.29503,0.2606,0.31062,0.30742,0.31144,0.30603,0.2998,0.31133,0.28179,0.31283,0.30779,0.30083,0.2948,0.27992,0.28573,0.30585,0.29771,0.29127,0.27389,0.30399,0.30874,0.2895,0.31417,0.3105,0.29323,0.28491,0.29241,0.30845,0.28805,0.27666,0.30396,0.31215,0.31223,0.30358,0.26373,0.28923,0.31354,0.26114,0.26224,0.29849,0.30908,0.29272,0.28109,0.30884,0.27866,0.29852,0.29465,0.27077,0.28405,0.30294,0.30279,0.31097,0.31344,0.27927,0.3126,0.29107,0.26661,0.30824,0.31408,0.30862,0.28074,0.30722,0.30692,0.30881,0.30095,0.29576,0.31318,0.28819,0.29936,0.28323,0.2962,0.27944,0.31519,0.3036,0.31174,0.27479,0.31194,0.30705,0.29549,0.28227,0.27748,0.28594,0.29573,0.28797,0.2609,0.30071,0.29155,0.30929,0.30626,0.30332,0.30987,0.31553,0.30715,0.27905,0.29611,0.30649,0.30565,0.29076,0.31029,0.31309,0.28543,0.29733,0.29756,0.29313,0.30027,0.31122,0.28233,0.2862,0.27886,0.27831,0.30011,0.29665,0.29654,0.30478,0.29056,0.31468,0.31546,0.26806,0.28381,0.26314,0.3117,0.30622,0.31269,0.31073,0.29899,0.26958,0.31181,0.30894,0.31384,0.28692,0.29512,0.31294,0.30784,0.30264,0.28603,0.30685,0.26599,0.30596,0.3129,0.29607,0.26759,0.30495,0.28957,0.259,0.29907,0.30754,0.26451,0.31525,0.27796,0.29371,0.30934,0.30916,0.2703,0.29641,0.2987,0.30232,0.30767,0.27124,0.31476,0.27617,0.28514,0.30993,0.28463,0.3034,0.26365,0.28424,0.29025,0.30512,0.3108,0.27508,0.30865,0.28259,0.28196,0.30542,0.29811,0.31301,0.30576,0.31394,0.28531,0.28771,0.3096,0.28138,0.31151,0.3125,0.31275,0.31447,0.31434,0.2909,0.29139,0.29414,0.29796,0.30106,0.307,0.29255,0.28737,0.30467,0.2884,0.30549,0.31067,0.31152,0.31041,0.30242,0.27954,0.3149,0.31087,0.30433,0.3014,0.31088,0.30827,0.2723,0.30973,0.28898,0.26644,0.28638,0.26899,0.273,0.30791,0.29195,0.26873,0.3049,0.31503,0.31127,0.30386,0.29037,0.26701,0.31259,0.30978,0.30732,0.30592,0.30162,0.30312,0.29378,0.3021,0.26287,0.29289,0.26431,0.26155,0.30672,0.26326,0.2887,0.31341,0.3068,0.26615,0.30662,0.31017,0.27425,0.29343,0.31466,0.26676,0.27627,0.29688,0.30113,0.31184,0.28645,0.2683,0.30526,0.30197,0.26782,0.27112,0.2714,0.30174,0.27006,0.27423,0.27973,0.30455,0.29876,0.30923,0.2804,0.30955,0.30795,0.28307,0.30288,0.29209,0.26891,0.31317,0.29304,0.31021,0.30948,0.31233,0.29154,0.29721,0.31014,0.31531,0.30535,0.29995,0.3085,0.29821,0.31055,0.30637,0.29427,0.31269,0.305,0.30018,0.27052,0.31457,0.31372,0.30381,0.3136,0.29493,0.30615,0.28164,0.28671,0.26841,0.27384,0.3154,0.31113
1375,0.10241,0.10246,0.10262,0.091224,0.097966,0.095929,0.09119,0.1017,0.10306,0.099932,0.097062,0.10188,0.096343,0.10073,0.093592,0.097606,0.099409,0.094877,0.099557,0.092367,0.098135,0.10032,0.10235,0.10185,0.097766,0.098777,0.10214,0.10053,0.10144,0.094948,0.099791,0.10019,0.091022,0.098877,0.091719,0.097574,0.093626,0.092285,0.10018,0.1028,0.10297,0.10252,0.099276,0.094718,0.1015,0.10283,0.094544,0.10286,0.098734,0.091588,0.10261,0.09434,0.091128,0.10002,0.098837,0.10154,0.10279,0.10113,0.10213,0.094683,0.09416,0.10302,0.095359,0.098032,0.099871,0.098535,0.099969,0.10222,0.092244,0.099681,0.099754,0.099229,0.098354,0.094353,0.0939,0.10308,0.096652,0.091624,0.097119,0.10249,0.10027,0.095565,0.099387,0.10087,0.099633,0.099034,0.095273,0.10025,0.103,0.095807,0.094424,0.096157,0.0958,0.10293,0.10195,0.096101,0.099125,0.10132,0.093285,0.098617,0.092682,0.099829,0.093812,0.099709,0.10312,0.098943,0.102,0.097912,0.099365,0.10293,0.094265,0.10209,0.1005,0.10008,0.10202,0.10296,0.10042,0.093953,0.10118,0.097388,0.094392,0.097001,0.099209,0.10268,0.097678,0.10274,0.098643,0.095496,0.10134,0.095989,0.096551,0.10167,0.098077,0.091067,0.099189,0.10111,0.10218,0.0923,0.10221,0.097241,0.098156,0.093743,0.10158,0.10186,0.097281,0.098322,0.10098,0.10315,0.093192,0.098292,0.099542,0.097228,0.095408,0.10267,0.1007,0.096755,0.10256,0.10212,0.10094,0.092153,0.095946,0.0962,0.10301,0.099103,0.10276,0.097182,0.10271,0.098682,0.094627,0.1016,0.09312,0.099454,0.1002,0.10248,0.10102,0.10122,0.096803,0.10275,0.096676,0.10258,0.093919,0.10224,0.094779,0.094836,0.09204,0.10265,0.093685,0.096947,0.091458,0.0996,0.10289,0.1011,0.098419,0.099172,0.098249,0.091312,0.10174,0.10095,0.10196,0.10062,0.099237,0.10193,0.095609,0.10234,0.10104,0.099457,0.098201,0.095237,0.096389,0.10057,0.098798,0.097491,0.094037,0.10015,0.10127,0.097137,0.10273,0.10171,0.097884,0.096227,0.097718,0.10119,0.096848,0.09459,0.10014,0.10215,0.10217,0.10006,0.091965,0.097084,0.10254,0.091426,0.091656,0.098961,0.10135,0.097781,0.095469,0.10129,0.094989,0.098968,0.09817,0.093407,0.096056,0.099916,0.099883,0.10184,0.10252,0.09511,0.10228,0.097449,0.092559,0.10114,0.1027,0.10124,0.095401,0.1009,0.10083,0.10128,0.099483,0.098398,0.10244,0.096876,0.099145,0.095893,0.098487,0.095142,0.10303,0.10006,0.10204,0.094217,0.1021,0.10086,0.098342,0.095704,0.094754,0.096431,0.09839,0.096834,0.091375,0.09943,0.097545,0.1014,0.10067,0.1,0.10155,0.10314,0.10088,0.095065,0.09847,0.10072,0.10053,0.097389,0.10166,0.10242,0.09633,0.098721,0.098767,0.097863,0.099338,0.1019,0.095716,0.096482,0.095028,0.094918,0.099303,0.098581,0.098558,0.10033,0.097349,0.10288,0.10312,0.092856,0.096009,0.091842,0.10203,0.10066,0.1023,0.10177,0.099067,0.093166,0.10206,0.10132,0.10263,0.096625,0.098267,0.10237,0.10105,0.099849,0.096447,0.10081,0.092433,0.1006,0.10236,0.09846,0.092759,0.10037,0.09715,0.090976,0.099084,0.10097,0.092126,0.10305,0.094848,0.09798,0.10142,0.10137,0.093312,0.09853,0.099005,0.099779,0.101,0.093501,0.1029,0.094493,0.096271,0.10157,0.096171,0.10002,0.091948,0.096094,0.097286,0.10041,0.10179,0.094274,0.10125,0.095768,0.095644,0.10048,0.098881,0.10239,0.10055,0.10266,0.096305,0.096782,0.10148,0.095528,0.10198,0.10225,0.10232,0.10282,0.10278,0.097416,0.097513,0.098067,0.098852,0.099507,0.10084,0.097746,0.096713,0.1003,0.096919,0.10049,0.10176,0.10198,0.10169,0.099801,0.095163,0.10294,0.10181,0.10023,0.09958,0.10181,0.10115,0.093716,0.10151,0.097033,0.092524,0.096518,0.093046,0.093857,0.10106,0.097625,0.092993,0.10036,0.10298,0.10192,0.10012,0.097311,0.09264,0.10227,0.10153,0.10092,0.10059,0.099627,0.099956,0.097995,0.099733,0.091787,0.097816,0.092085,0.091512,0.10078,0.091867,0.096978,0.10251,0.1008,0.092465,0.10075,0.10163,0.094108,0.097925,0.10287,0.09259,0.094512,0.098628,0.099522,0.10207,0.096532,0.092904,0.10044,0.099704,0.092807,0.093477,0.093534,0.099654,0.093262,0.094104,0.0952,0.10028,0.099018,0.10139,0.095334,0.10147,0.10107,0.095862,0.099903,0.097654,0.093029,0.10244,0.097845,0.10164,0.10145,0.1022,0.097544,0.098695,0.10162,0.10307,0.10046,0.09927,0.10121,0.098903,0.10173,0.1007,0.098093,0.1023,0.10038,0.099318,0.093357,0.10284,0.10259,0.10011,0.10256,0.098227,0.10064,0.09558,0.096583,0.092928,0.094025,0.1031,0.10188
1610,0.077157,0.077197,0.077318,0.068908,0.073793,0.072301,0.068884,0.076609,0.077668,0.07526,0.073128,0.076751,0.072603,0.075867,0.070611,0.073528,0.074866,0.071538,0.074978,0.06973,0.073918,0.075554,0.07711,0.076724,0.073646,0.074394,0.076949,0.075714,0.076408,0.07159,0.075153,0.075452,0.068764,0.074469,0.069264,0.073504,0.070635,0.069671,0.075448,0.077461,0.077596,0.077247,0.074767,0.071423,0.076453,0.077483,0.071298,0.077508,0.074362,0.06917,0.077313,0.07115,0.068839,0.075329,0.074439,0.076485,0.077451,0.07617,0.076943,0.071398,0.071021,0.077634,0.071887,0.073841,0.075214,0.074214,0.075288,0.077013,0.069641,0.075071,0.075126,0.074731,0.07408,0.071159,0.070833,0.077683,0.072828,0.069196,0.07317,0.077221,0.075512,0.072037,0.07485,0.075971,0.075035,0.074586,0.071825,0.075497,0.077616,0.072213,0.071211,0.072467,0.072208,0.077559,0.076799,0.072427,0.074654,0.076319,0.07039,0.074275,0.069956,0.075182,0.07077,0.075092,0.077712,0.074518,0.076843,0.073753,0.074833,0.077564,0.071096,0.076912,0.075691,0.075369,0.076859,0.077585,0.07563,0.070871,0.07621,0.073368,0.071188,0.073083,0.074717,0.077369,0.073581,0.077412,0.074295,0.071987,0.076333,0.072345,0.072755,0.076589,0.073875,0.068795,0.074702,0.076159,0.07698,0.069681,0.077004,0.07326,0.073934,0.070719,0.076514,0.076734,0.073289,0.074056,0.076054,0.077735,0.070323,0.074034,0.074966,0.07325,0.071923,0.077362,0.075846,0.072903,0.077274,0.076936,0.076022,0.069576,0.072314,0.072498,0.077622,0.074637,0.077432,0.073216,0.077389,0.074324,0.071358,0.076529,0.070271,0.0749,0.075465,0.07721,0.076088,0.076239,0.072939,0.077421,0.072846,0.077288,0.070847,0.077028,0.071468,0.071509,0.069494,0.077345,0.070678,0.073044,0.069076,0.07501,0.077532,0.076147,0.074128,0.074689,0.074002,0.068971,0.076642,0.076029,0.07681,0.075779,0.074738,0.076788,0.072069,0.077106,0.076098,0.074903,0.073966,0.071799,0.072636,0.075747,0.07441,0.073443,0.070931,0.075424,0.076275,0.073183,0.077404,0.07662,0.073733,0.072518,0.07361,0.07622,0.072972,0.071331,0.075419,0.07696,0.076976,0.075355,0.069441,0.073144,0.077262,0.069054,0.069219,0.074532,0.07634,0.073656,0.071968,0.076295,0.07162,0.074536,0.073944,0.070478,0.072393,0.075248,0.075223,0.076713,0.07724,0.071707,0.077055,0.073412,0.069867,0.076182,0.077383,0.076252,0.071918,0.075992,0.075938,0.076288,0.074922,0.074112,0.077183,0.072992,0.074668,0.072275,0.074179,0.071731,0.077643,0.075358,0.076873,0.071061,0.076916,0.075961,0.074071,0.072137,0.071449,0.072667,0.074107,0.072961,0.069017,0.074883,0.073483,0.07638,0.075819,0.075311,0.076493,0.077726,0.075979,0.071674,0.074166,0.075861,0.075711,0.073368,0.076577,0.077162,0.072593,0.074353,0.074387,0.073717,0.074813,0.076765,0.072147,0.072704,0.071648,0.071568,0.074787,0.074248,0.074232,0.07556,0.073339,0.077522,0.077708,0.070081,0.07236,0.069352,0.076864,0.075812,0.077076,0.076665,0.074611,0.070304,0.076888,0.076313,0.07733,0.072808,0.074015,0.077129,0.076106,0.075198,0.072679,0.075925,0.069776,0.075766,0.077121,0.074159,0.070011,0.075589,0.073193,0.06873,0.074623,0.076051,0.069556,0.077659,0.071518,0.073804,0.076391,0.076355,0.070409,0.074211,0.074564,0.075144,0.076074,0.070545,0.077541,0.071261,0.072551,0.076506,0.072477,0.075325,0.069428,0.072421,0.073293,0.075618,0.076679,0.071102,0.076259,0.072184,0.072094,0.075671,0.074472,0.077145,0.07573,0.077352,0.072575,0.072923,0.076442,0.07201,0.076824,0.077033,0.077088,0.077474,0.077443,0.073388,0.07346,0.073868,0.07445,0.07494,0.075952,0.073631,0.072873,0.07554,0.073023,0.075683,0.076653,0.076828,0.076602,0.075161,0.071745,0.077574,0.076695,0.075483,0.074994,0.076696,0.076186,0.0707,0.076465,0.073107,0.069842,0.07273,0.070218,0.070802,0.07612,0.073542,0.07018,0.07558,0.077606,0.076776,0.075402,0.07331,0.069926,0.077053,0.076477,0.076011,0.075758,0.07503,0.075278,0.073814,0.075109,0.069313,0.073682,0.069527,0.069115,0.075902,0.06937,0.073067,0.077232,0.075915,0.0698,0.075883,0.076553,0.070983,0.073763,0.077517,0.06989,0.071275,0.074284,0.074951,0.076895,0.072741,0.070115,0.075643,0.075088,0.070046,0.070528,0.070569,0.07505,0.070373,0.07098,0.071772,0.07552,0.074574,0.076368,0.071869,0.076432,0.076126,0.072253,0.075238,0.073563,0.070205,0.07718,0.073704,0.076561,0.076418,0.076997,0.073482,0.074333,0.076548,0.077673,0.075659,0.074762,0.07623,0.074488,0.076629,0.075839,0.073887,0.077075,0.075597,0.074799,0.070441,0.077497,0.077302,0.075394,0.077275,0.073986,0.075799,0.072048,0.072778,0.070133,0.070923,0.077693,0.076746
2190,0.018444,0.018455,0.018487,0.016501,0.0176,0.017253,0.016495,0.018301,0.01858,0.017957,0.017444,0.018338,0.017322,0.01811,0.016874,0.017538,0.01786,0.01708,0.017887,0.01668,0.01763,0.018031,0.018432,0.018331,0.017565,0.017745,0.01839,0.018072,0.018249,0.017092,0.017931,0.018005,0.016469,0.017763,0.016578,0.017532,0.016879,0.016667,0.018005,0.018525,0.018561,0.018468,0.017835,0.017055,0.018261,0.01853,0.017026,0.018537,0.017737,0.016558,0.018486,0.016994,0.016486,0.017975,0.017756,0.018269,0.018522,0.018188,0.018388,0.017049,0.016965,0.018571,0.017159,0.017612,0.017946,0.017701,0.017964,0.018407,0.01666,0.017911,0.017924,0.017827,0.017669,0.016996,0.016923,0.018584,0.017374,0.016563,0.017454,0.018461,0.018021,0.017193,0.017856,0.018137,0.017901,0.017791,0.017145,0.018017,0.018566,0.017233,0.017007,0.017291,0.017232,0.018551,0.01835,0.017282,0.017808,0.018226,0.016825,0.017716,0.016729,0.017938,0.016909,0.017916,0.018591,0.017775,0.018362,0.017591,0.017852,0.018552,0.016981,0.01838,0.018066,0.017985,0.018366,0.018558,0.01805,0.016931,0.018198,0.0175,0.017002,0.017433,0.017823,0.0185,0.01755,0.018512,0.017721,0.017182,0.01823,0.017263,0.017357,0.018296,0.01762,0.016476,0.01782,0.018185,0.018398,0.016669,0.018404,0.017475,0.017634,0.016898,0.018277,0.018334,0.017481,0.017663,0.018158,0.018597,0.01681,0.017658,0.017885,0.017472,0.017167,0.018499,0.018105,0.017392,0.018475,0.018386,0.01815,0.016646,0.017256,0.017298,0.018568,0.017804,0.018517,0.017464,0.018506,0.017727,0.01704,0.01828,0.016799,0.017868,0.018009,0.018458,0.018167,0.018205,0.0174,0.018514,0.017378,0.018479,0.016926,0.01841,0.017065,0.017074,0.016628,0.018494,0.016888,0.017424,0.016537,0.017895,0.018543,0.018182,0.01768,0.017816,0.01765,0.016514,0.01831,0.018152,0.018354,0.018088,0.017828,0.018348,0.0172,0.018431,0.018169,0.017869,0.017642,0.017139,0.01733,0.01808,0.017748,0.017517,0.016945,0.017998,0.018215,0.017457,0.01851,0.018304,0.017586,0.017303,0.017557,0.018201,0.017407,0.017034,0.017997,0.018393,0.018397,0.017981,0.016617,0.017448,0.018472,0.016532,0.016568,0.017778,0.018232,0.017568,0.017177,0.01822,0.017099,0.017779,0.017636,0.016844,0.017274,0.017954,0.017948,0.018328,0.018466,0.017118,0.018418,0.01751,0.01671,0.018191,0.018504,0.018209,0.017166,0.018142,0.018128,0.018218,0.017874,0.017677,0.018451,0.017412,0.017811,0.017247,0.017693,0.017124,0.018573,0.017982,0.01837,0.016974,0.018381,0.018134,0.017667,0.017216,0.01706,0.017337,0.017675,0.017405,0.016524,0.017864,0.017527,0.018242,0.018098,0.01797,0.018271,0.018595,0.018139,0.017111,0.01769,0.018109,0.018071,0.0175,0.018293,0.018446,0.01732,0.017735,0.017743,0.017582,0.017847,0.018342,0.017218,0.017346,0.017105,0.017087,0.01784,0.017709,0.017705,0.018033,0.017493,0.018541,0.01859,0.016757,0.017266,0.016597,0.018367,0.018097,0.018423,0.018316,0.017797,0.016806,0.018374,0.018224,0.01849,0.01737,0.017653,0.018437,0.018171,0.017942,0.01734,0.018125,0.01669,0.018085,0.018435,0.017688,0.016742,0.01804,0.017459,0.016462,0.0178,0.018157,0.016642,0.018577,0.017076,0.017603,0.018245,0.018235,0.016829,0.0177,0.017786,0.017929,0.018163,0.016859,0.018546,0.017018,0.01731,0.018275,0.017293,0.017974,0.016614,0.01728,0.017482,0.018047,0.018319,0.016983,0.018211,0.017226,0.017206,0.018061,0.017764,0.018441,0.018076,0.018496,0.017316,0.017396,0.018258,0.017187,0.018357,0.018412,0.018426,0.018528,0.01852,0.017505,0.017521,0.017618,0.017758,0.017878,0.018132,0.017562,0.017384,0.018028,0.017419,0.018064,0.018313,0.018358,0.018299,0.017933,0.017127,0.018555,0.018323,0.018013,0.017892,0.018324,0.018192,0.016893,0.018264,0.017439,0.016704,0.017352,0.016787,0.016916,0.018175,0.017541,0.016778,0.018038,0.018563,0.018345,0.017993,0.017486,0.016723,0.018417,0.018267,0.018147,0.018083,0.0179,0.017962,0.017605,0.01792,0.016589,0.017574,0.016635,0.016546,0.018119,0.016601,0.01743,0.018464,0.018123,0.016695,0.018114,0.018287,0.016956,0.017593,0.01854,0.016715,0.017021,0.017718,0.017881,0.018376,0.017354,0.016764,0.018053,0.017915,0.016749,0.016855,0.016864,0.017905,0.016821,0.016956,0.017133,0.018023,0.017788,0.018239,0.017155,0.018255,0.018176,0.017242,0.017952,0.017546,0.016784,0.01845,0.017579,0.018289,0.018252,0.018402,0.017527,0.01773,0.018285,0.018581,0.018058,0.017834,0.018203,0.017767,0.018306,0.018103,0.017623,0.018423,0.018042,0.017843,0.016836,0.018534,0.018483,0.017991,0.018476,0.017646,0.018093,0.017195,0.017362,0.016768,0.016943,0.018586,0.018337
