0,29.104,31.2,29.637,29.948,29.722,29.149,29.027,30.148,29.516,30.124,29.508,30.939,29.552,29.903,29.055,29.438,29.579,29.845,28.344,28.453,30.518,29.885,28.615,30.671,29.427,31.25,28.94,29.599,28.563,31.153,31.109,30.392,28.545,30.441,29.826,28.804,29.02,30.951,30.642,29.7,28.717,31.129,30.962,29.296,31.053,29.363,29.756,29.492,30.541,28.991,28.671,31.23,31.16,28.185,28.729,29.536,30.196,30.475,30.883,28.844,30.259,31.07,30.816,30.304,30.668,30.707,31.075,31.422,29.823,28.998,30.407,28.698,31.194,31.104,30.847,30.402,29.592,29.31,29.538,28.281,30.819,29.388,30.413,28.644,31.121,28.472,30.287,30.383,29.042,28.254,30.843,28.955,31.253,29.406,28.606,30.059,28.142,30.237,28.229,28.519,29.316,30.685,28.15,31.039,29.585,31.139,29.546,29.98,29.414,28.269,30.973,30.388,30.168,30.969,29.646,30.462,28.427,31.09,30.113,28.64,29.252,31.046,30.831,29.391,30.324,28.784,30.452,28.172,30.795,30.022,29.793,31.002,29.273,31.361,28.566,28.779,30.545,29.208,29.18,31.323,29.61,28.416,28.872,28.969,28.51,30.586,29.892,30.982,30.076,29.399,31.376,29.99,30.212,31.381,28.551,30.364,30.692,28.119,30.027,29.382,30.736,30.223,30.163,30.747,29.433,30.367,31.408,29.009,29.767,30.516,29.129,29.667,29.462,28.483,29.372,28.619,28.381,30.66,31.302,31.234,28.298,29.28,28.351,28.708,28.909,28.837,29.907,28.898,28.148,30.352,28.483,29.93,30.003,31.174,28.669,29.814,29.335,30.492,30.7,28.133,28.295,28.311,28.632,30.635,31.022,29.763,28.433,29.809,28.258,30.903,29.422,28.572,29.833,31.18,28.403,29.059,29.168,31.037,29.225,31.275,28.858,29.559,30.068,30.825,28.735,30.526,29.242,28.624,29.625,28.165,28.409,30.92,29.682,30.531,28.815,28.464,29.774,30.257,29.782,28.178,31.097,30.81,29.231,28.77,29.076,28.82,28.238,28.65,28.246,28.287,28.982,28.362,31.338,30.678,28.763,28.594,28.603,30.236,30.551,28.662,29.216,28.541,31.356,30.189,29.318,30.857,31.004,30.584,28.386,28.422,30.876,29.347,30.907,31.393,31.06,28.855,29.866,28.883,29.258,29.676,30.498,30.171,28.505,28.971,29.569,30.567,30.084,30.773,31.289,30.467,29.045,29.266,30.935,28.766,30.135,29.917,29.952,28.442,28.984,30.946,29.365,29.785,30.763,31.327,28.581,30.768,28.71,30.592,29.631,31.144,29.118,28.753,29.247,30.271,31.258,28.525,29.851,28.448,31.188,29.524,29.522,30.927,31.316,29.203,30.629,31.279,29.172,30.486,29.284,31.134,31.223,30.89,31.365,29.971,29.931,30.334,29.738,29.658,29.725,29.068,29.298,30.139,30.053,29.488,30.265,30.446,31.014,28.222,30.153,31.348,29.031,31.43,30.123,29.615,30.48,30.037,30.717,30.718,29.163,30.787,30.574,28.889,30.511,29.112,31.266,28.693,29.688,28.234,30.611,29.8,29.964,28.913,28.201,30.199,29.082,30.324,30.863,31.449,30.298,28.125,28.342,29.324,31.113,30.621,28.394,30.754,29.091,30.562,28.799,29.84,29.191,29.942,31.443,28.194,28.945,30.28,28.374,29.991,29.089,29.959,28.369,29.881,30.039,30.09,30.092,31.398,30.23,28.919,30.916,30.739,30.654,31.306,30.867,31.027,30.375,30.105,30.729,30.016,28.304,30.986,28.205,28.326,29.134,30.779,31.165,28.32,29.859,29.746,28.743,30.799,30.178,29.221,28.959,31.434,29.502,29.455,28.791,29.354,30.434,29.341,28.458,29.185,30.293,30.428,28.158,29.016,30.048,31.336,29.618,29.714,31.291,29.873,31.078,29.142,28.837,30.347,29.105,30.613,30.312,29.445,28.214,28.684,31.215,28.83,29.735,28.589,30.207,31.386,28.336,30.102,29.572,29.653,28.27,28.496,30.006,29.481,30.419,28.894,31.242,28.93,28.499,31.209,29.476,31.416,29.156,29.695,28.865,28.747,28.531,30.895,28.68,30.646,28.93,29.464,29.918,30.997,29.707,30.245,30.339,30.598
0,6.5264,6.5553,6.6439,3.209,4.6168,4.063,3.2043,6.1446,6.9063,5.3239,4.352,6.2408,4.1636,5.6724,3.5834,4.5073,5.1162,3.8303,5.1735,3.3785,4.6701,5.4887,6.4927,6.2228,4.5553,4.8848,6.3781,5.5816,6.0117,3.8452,5.2664,5.4305,3.181,4.92,3.2801,4.4977,3.5894,3.3656,5.4286,6.7498,6.8517,6.5914,5.0657,3.7977,6.0412,6.766,3.7627,6.7848,4.8698,3.2609,6.6398,3.7226,3.1956,5.3621,4.906,6.0624,6.7419,5.8594,6.3743,3.7905,3.688,6.8806,3.9332,4.6372,5.2991,4.8015,5.3394,6.4232,3.3593,5.2225,5.2516,5.048,4.7411,3.7251,3.6393,6.9179,4.2424,3.2662,4.3677,6.5726,5.4648,3.979,5.1077,5.7356,5.2034,4.9764,3.9143,5.4558,6.8664,4.0345,3.7391,4.1177,4.0328,6.8237,6.2737,4.1042,5.0096,5.9544,3.5294,4.8294,3.4286,5.2816,3.6231,5.2334,6.94,4.9437,6.3042,4.5998,5.0993,6.8269,3.7081,6.3522,5.5681,5.384,6.3156,6.8429,5.5321,3.649,5.8842,4.4437,3.7326,4.3352,5.0407,6.6814,4.5287,6.7129,4.8384,3.9635,5.9632,4.0772,4.2163,6.1315,4.6516,3.1871,5.0334,5.8522,6.4001,3.3679,6.4172,4.4019,4.6768,3.6104,6.0817,6.2295,4.413,4.7306,5.7868,6.9574,3.5135,4.7209,5.1676,4.3982,3.9441,6.6764,5.6596,4.2693,6.6117,6.3695,5.767,3.3452,4.0671,4.1282,6.8715,5.0015,6.7282,4.3853,6.6961,4.8517,3.7793,6.0917,3.5012,5.1334,5.4376,6.5649,5.8078,5.9028,4.282,6.7197,4.2486,6.6216,3.6428,6.4338,3.8102,3.8218,3.3279,6.6635,3.6,4.3205,3.2421,5.1904,6.8028,5.845,4.7626,5.0268,4.7067,3.2214,6.1673,5.7714,6.2819,5.6196,5.0511,6.2668,3.989,6.49,5.8139,5.1348,4.6911,3.9067,4.1751,5.6006,4.8922,4.4733,3.6646,5.4146,5.9258,4.3728,6.7075,6.152,4.5914,4.1348,4.5406,5.8909,4.294,3.7718,5.4122,6.3863,6.3971,5.3762,3.3167,4.358,6.6023,3.2377,3.2708,4.9501,5.9678,4.5597,3.9576,5.9386,3.8537,4.9524,4.6813,3.5506,4.0932,5.3175,5.3038,6.2155,6.5867,3.8792,6.4534,4.4612,3.4088,5.8665,6.692,5.9114,3.9425,5.7482,5.7153,5.9344,5.1446,4.7555,6.5452,4.3014,5.0168,4.0546,4.7853,3.8862,6.8875,5.3777,6.3253,3.6988,6.3552,5.7295,4.737,4.0106,3.805,4.1858,4.7531,4.2901,3.2303,5.1245,4.4893,5.9939,5.6434,5.3519,6.0676,6.951,5.7405,3.8697,4.7796,5.6686,5.5798,4.4438,6.1234,6.5303,4.1603,4.8652,4.8813,4.5847,5.0892,6.251,4.0135,4.1986,3.862,3.8388,5.076,4.8171,4.8094,5.4917,4.4324,6.7956,6.9371,3.4571,4.0822,3.2983,6.3188,5.6398,6.4683,6.1828,4.9884,3.509,6.3359,5.9501,6.6528,4.2353,4.7126,6.5065,5.8193,5.2901,4.1898,5.7074,3.3887,5.6121,6.5009,4.7763,3.4411,5.5086,4.3763,3.1746,4.9944,5.7845,3.3411,6.8993,3.8244,4.6212,6.0005,5.9775,3.5341,4.7999,4.966,5.2615,5.7991,3.5671,6.8097,3.7525,4.1458,6.0765,4.1212,5.3597,3.3141,4.1024,4.4146,5.5253,6.1921,3.7097,5.9155,4.0253,3.9968,5.5562,4.9216,6.5177,5.5911,6.6687,4.1541,4.2763,6.034,3.9706,6.2916,6.438,6.4768,6.7595,6.736,4.4518,4.48,4.6484,4.9112,5.1539,5.7236,4.5491,4.2582,5.4808,4.3129,5.5634,6.1747,6.2941,6.1401,5.2704,3.8906,6.835,6.2026,5.448,5.1823,6.2036,5.8692,3.6056,6.0495,4.3441,3.4032,4.2077,3.4887,3.6313,5.8277,4.513,3.4798,5.5035,6.8586,6.2582,5.4026,4.4214,3.4219,6.4517,6.0571,5.7602,5.6074,5.2008,5.3337,4.6257,5.2429,3.2901,4.5704,3.3348,3.2499,5.6934,3.302,4.329,6.5809,5.7016,3.3938,5.682,6.1078,3.6781,4.6039,6.7918,3.4138,3.7564,4.8332,5.16,6.3403,4.2113,3.4649,5.5396,5.2317,3.4489,3.5629,3.573,5.2115,3.5254,3.6773,3.8985,5.4692,4.9706,5.9861,3.9276,6.0273,5.8314,4.0474,5.3119,4.5217,3.4857,6.5429,4.5793,6.1129,6.0183,6.4124,4.489,4.8563,6.1039,6.9103,5.5492,5.0634,5.8973,4.9291,6.1586,5.6557,4.6568,6.4677,5.5134,5.0817,3.5418,6.7764,6.6318,5.3979,6.6124,4.6997,5.6315,3.9824,4.2244,3.469,3.6625,6.9254,6.238
0,1,3,3,4,3,4,2,4,1,4,5,2,2,2,2,1,3,1,4,1,2,3,2,3,3,3,4,3,2,4,2,4,5,3,4,4,3,4,5,3,4,4,1,3,2,4,2,2,4,5,3,3,2,4,1,4,3,1,4,5,3,3,4,5,3,1,4,4,1,1,2,5,2,3,1,1,4,4,4,2,2,4,2,4,5,1,4,2,1,4,2,2,4,4,5,5,4,4,2,1,3,5,2,3,4,4,3,2,4,1,2,2,2,3,3,2,1,3,3,3,2,4,4,5,3,3,2,4,3,2,4,5,5,1,3,5,2,4,2,2,5,3,5,3,2,3,5,2,4,2,2,5,1,3,3,3,1,3,4,4,3,4,3,1,3,3,3,4,2,3,1,5,4,3,2,1,1,4,2,5,1,4,3,3,4,1,4,2,2,5,4,3,4,1,1,2,3,3,3,1,4,5,2,3,1,5,2,2,4,3,2,4,3,4,4,4,5,5,5,2,4,1,1,1,4,2,3,2,2,3,4,4,2,5,4,4,3,2,2,3,2,1,4,5,4,2,3,2,4,2,2,3,4,2,2,5,2,2,2,3,3,5,4,4,1,4,3,3,1,3,3,2,3,3,2,2,4,2,2,1,2,5,5,5,5,2,4,4,2,3,1,5,1,4,3,4,2,5,5,4,2,3,2,2,3,4,3,1,4,5,5,4,2,5,2,2,4,2,3,1,3,4,3,2,2,3,4,2,2,1,3,3,2,3,2,2,1,4,4,2,4,2,3,1,3,3,3,3,2,1,1,4,2,3,4,2,3,5,3,1,3,5,2,3,5,1,3,1,1,2,1,3,4,3,2,5,1,2,3,4,5,5,4,4,4,2,2,5,3,4,4,2,3,5,2,4,4,2,3,3,3,1,4,1,2,4,4,5,5,3,4,1,4,4,4,2,2,2,5,3,3,3,4,5,4,2,3,4,4,3,4,5,4,5,3,3,1,3,2,2,4,5,3,3,2,5,2,1,3,2,4,5,4,3,3,3,2,4,3,2,3,4,4,2,1,4,3,4,5,4,3,3,2,4,2,5,2,4,1,2,2,2,5,4,1,4,1,2,3,3,3,3,2,5,2,4,5,4,3,1
443,0.014352,0.014353,0.014377,0.013282,0.013828,0.013652,0.01321,0.014259,0.014438,0.014047,0.013777,0.014278,0.013661,0.014134,0.013412,0.013809,0.013983,0.013569,0.014008,0.01338,0.013839,0.014087,0.014342,0.014275,0.013808,0.013911,0.014317,0.014113,0.014224,0.013566,0.01402,0.014075,0.013349,0.013923,0.013318,0.013803,0.013431,0.013358,0.014082,0.014401,0.014427,0.014364,0.013975,0.013524,0.014228,0.014407,0.013495,0.014409,0.013916,0.013383,0.014377,0.013488,0.013202,0.01406,0.013932,0.014239,0.014398,0.014188,0.014313,0.01359,0.013474,0.014429,0.013601,0.013863,0.014033,0.013898,0.014049,0.014324,0.013369,0.014022,0.014017,0.013983,0.013861,0.01349,0.013491,0.01444,0.013715,0.013312,0.013758,0.014362,0.014077,0.01362,0.013975,0.014159,0.014022,0.013953,0.013594,0.014075,0.01443,0.013643,0.013482,0.013644,0.013638,0.01442,0.014296,0.013697,0.013961,0.014211,0.013387,0.01391,0.013353,0.014043,0.013433,0.014014,0.014445,0.013937,0.014296,0.013817,0.013985,0.014423,0.013468,0.014305,0.014106,0.014057,0.014299,0.01442,0.014107,0.013456,0.014191,0.013772,0.013482,0.013745,0.013966,0.014389,0.013798,0.014394,0.013893,0.013617,0.01421,0.013627,0.013706,0.014258,0.013869,0.013283,0.01396,0.014193,0.014317,0.013362,0.014323,0.013746,0.013876,0.013442,0.01425,0.014279,0.013755,0.013864,0.014175,0.014446,0.013428,0.013857,0.013992,0.013791,0.013612,0.014381,0.014135,0.013708,0.014369,0.014315,0.014164,0.013351,0.013631,0.013674,0.014428,0.013957,0.014396,0.013749,0.014386,0.013913,0.013502,0.014243,0.013434,0.014005,0.014079,0.01436,0.014171,0.014202,0.013736,0.014394,0.01369,0.014373,0.013496,0.01433,0.013531,0.013535,0.013343,0.014385,0.013466,0.013721,0.013234,0.014019,0.014417,0.014181,0.013884,0.013963,0.013872,0.013219,0.014263,0.014161,0.014289,0.014131,0.013973,0.014295,0.013593,0.014339,0.014176,0.014005,0.013849,0.013557,0.013694,0.014115,0.013912,0.013795,0.013465,0.01407,0.014207,0.013761,0.014396,0.014263,0.013851,0.013647,0.013817,0.014197,0.013737,0.013545,0.014073,0.014313,0.014319,0.014056,0.013273,0.013743,0.014371,0.013295,0.013247,0.013953,0.014217,0.013823,0.01359,0.014203,0.013535,0.013936,0.013842,0.013453,0.013663,0.014056,0.014043,0.014275,0.014366,0.013548,0.014336,0.013772,0.013324,0.014189,0.014386,0.014195,0.013574,0.014168,0.014148,0.014202,0.013986,0.013875,0.014354,0.013763,0.013958,0.013647,0.013895,0.013582,0.01443,0.014055,0.014306,0.013482,0.014306,0.01415,0.013865,0.013608,0.013511,0.013671,0.013882,0.01371,0.013225,0.013994,0.013778,0.014226,0.014141,0.014065,0.014245,0.014445,0.014157,0.013576,0.013873,0.014134,0.014119,0.013806,0.014253,0.014353,0.013668,0.013916,0.013907,0.01385,0.013994,0.014283,0.013602,0.013683,0.013537,0.013526,0.013972,0.0139,0.013892,0.014093,0.01378,0.014412,0.014448,0.013404,0.01363,0.013397,0.014296,0.014128,0.014337,0.014267,0.013942,0.013437,0.014304,0.014209,0.014376,0.013689,0.013853,0.014342,0.014179,0.014028,0.013671,0.014148,0.01333,0.014119,0.014339,0.013879,0.013339,0.014089,0.013765,0.013265,0.013954,0.014165,0.013349,0.014434,0.013534,0.013845,0.01422,0.014214,0.013402,0.013889,0.013933,0.014029,0.014175,0.01345,0.014413,0.013504,0.01368,0.014238,0.013652,0.014064,0.013294,0.013669,0.013759,0.01411,0.014266,0.013486,0.014205,0.013645,0.013606,0.014114,0.013934,0.014346,0.01412,0.014384,0.013687,0.01371,0.014229,0.013651,0.014294,0.014324,0.014336,0.014407,0.014404,0.013809,0.013793,0.013848,0.013932,0.013988,0.014149,0.013836,0.013706,0.01409,0.01374,0.014105,0.014262,0.014302,0.014256,0.014032,0.013588,0.014419,0.014272,0.014076,0.014004,0.014274,0.01419,0.013478,0.014231,0.013748,0.013377,0.013732,0.013473,0.013448,0.014179,0.013807,0.013411,0.014094,0.014426,0.014283,0.014059,0.013755,0.013451,0.014329,0.014238,0.014162,0.014124,0.014022,0.014048,0.013828,0.014019,0.013323,0.013826,0.013302,0.013303,0.014153,0.01333,0.013767,0.014362,0.014145,0.013387,0.01414,0.014245,0.013457,0.013838,0.014415,0.013344,0.013504,0.013895,0.014013,0.014303,0.013707,0.01337,0.014099,0.014019,0.013459,0.013448,0.013423,0.014011,0.013399,0.013457,0.013588,0.014081,0.013936,0.01422,0.013602,0.014228,0.014178,0.013651,0.014046,0.013796,0.013413,0.01436,0.013827,0.014249,0.014225,0.014324,0.0138,0.0139,0.014254,0.014436,0.014109,0.013974,0.014195,0.013925,0.014257,0.014143,0.01385,0.014338,0.014099,0.013983,0.013392,0.014409,0.014372,0.014064,0.014368,0.013851,0.014137,0.013589,0.013707,0.013467,0.013492,0.01444,0.014281
490,0.015376,0.015321,0.01539,0.014212,0.014787,0.014614,0.01414,0.015245,0.015461,0.015013,0.014744,0.015244,0.014606,0.015113,0.014353,0.014766,0.014958,0.014494,0.015019,0.014327,0.014773,0.015063,0.01538,0.015248,0.014773,0.014836,0.015343,0.015099,0.01525,0.014472,0.014956,0.015037,0.014342,0.01487,0.014251,0.014784,0.014387,0.014264,0.01504,0.015415,0.015472,0.015334,0.014908,0.014476,0.015186,0.015431,0.014422,0.015429,0.014859,0.014362,0.015418,0.014389,0.014078,0.015081,0.014921,0.015241,0.015398,0.015156,0.015285,0.01457,0.0144,0.015408,0.014517,0.014813,0.014984,0.01483,0.01499,0.015282,0.014279,0.015013,0.014971,0.014986,0.014779,0.014394,0.014384,0.015438,0.01467,0.014258,0.014717,0.015411,0.015025,0.014574,0.014925,0.015176,0.014962,0.014951,0.014523,0.015035,0.015465,0.014629,0.014381,0.014603,0.014544,0.015444,0.01533,0.014646,0.014974,0.01519,0.014348,0.014902,0.014299,0.014997,0.014399,0.014953,0.015468,0.014866,0.015303,0.014763,0.014964,0.015479,0.014363,0.015289,0.015075,0.015001,0.015303,0.015415,0.015123,0.014359,0.015171,0.014756,0.014422,0.014663,0.014906,0.015411,0.014739,0.015433,0.014834,0.014603,0.015174,0.014556,0.014654,0.015222,0.014847,0.01415,0.014961,0.015212,0.015298,0.014312,0.015342,0.014652,0.014846,0.014414,0.015271,0.0153,0.014735,0.014802,0.015161,0.015429,0.014357,0.014823,0.014917,0.014746,0.014531,0.015347,0.015153,0.014641,0.015352,0.015364,0.015144,0.014296,0.014551,0.014609,0.015432,0.014894,0.015417,0.014685,0.015352,0.014897,0.01443,0.015217,0.014367,0.014982,0.015066,0.015404,0.015168,0.015223,0.014715,0.015381,0.014592,0.015342,0.014456,0.015347,0.014509,0.014504,0.0143,0.01542,0.014401,0.014688,0.014188,0.01498,0.015467,0.015166,0.01484,0.01489,0.014857,0.014129,0.015273,0.015128,0.015264,0.015157,0.014982,0.015338,0.014557,0.01532,0.015128,0.01498,0.01484,0.014487,0.014683,0.015067,0.014881,0.014782,0.0144,0.01501,0.015237,0.014732,0.015425,0.015227,0.01483,0.014546,0.014797,0.015192,0.014671,0.014443,0.01508,0.015295,0.015337,0.015062,0.014191,0.014738,0.015418,0.014201,0.014163,0.014903,0.015236,0.014816,0.014532,0.01518,0.014464,0.014946,0.014761,0.014345,0.014623,0.015063,0.015037,0.015299,0.015417,0.014508,0.015384,0.01476,0.014261,0.015218,0.015354,0.01516,0.014533,0.015189,0.015164,0.015179,0.014933,0.014866,0.015377,0.014756,0.014884,0.014582,0.014864,0.014497,0.015412,0.01501,0.015346,0.014456,0.015278,0.015146,0.014795,0.01451,0.014407,0.014635,0.01484,0.014676,0.01415,0.014963,0.014707,0.01521,0.015163,0.015066,0.015247,0.015439,0.015135,0.014492,0.01479,0.0151,0.015118,0.014781,0.015216,0.015388,0.014605,0.014876,0.014862,0.014851,0.014989,0.015251,0.014547,0.01463,0.014441,0.014415,0.014974,0.014836,0.014883,0.015048,0.014737,0.015389,0.015483,0.014367,0.01458,0.014343,0.015256,0.015144,0.015339,0.015301,0.014871,0.01436,0.015312,0.01517,0.015343,0.014645,0.014785,0.015306,0.015184,0.014981,0.014624,0.015095,0.014227,0.015071,0.015301,0.014835,0.014253,0.015052,0.01471,0.014202,0.014922,0.01517,0.014296,0.015439,0.014467,0.014804,0.015199,0.015188,0.014306,0.014894,0.014885,0.014958,0.015182,0.014345,0.015416,0.014447,0.014609,0.015225,0.014573,0.015018,0.014243,0.014578,0.01469,0.015118,0.015243,0.014441,0.015157,0.014607,0.014551,0.015136,0.014872,0.015351,0.015095,0.015418,0.014677,0.014648,0.015241,0.014593,0.015263,0.015282,0.015327,0.015467,0.015457,0.014782,0.014713,0.014784,0.014935,0.01493,0.015152,0.014778,0.014681,0.015067,0.014707,0.01508,0.015214,0.015348,0.015275,0.014992,0.014568,0.015427,0.01529,0.015049,0.015014,0.015268,0.015173,0.014389,0.015215,0.014657,0.014301,0.014713,0.014401,0.01436,0.015143,0.014715,0.01432,0.01504,0.015424,0.015272,0.015008,0.014695,0.014446,0.0153,0.015277,0.015189,0.015125,0.014971,0.014986,0.01482,0.014989,0.014259,0.014811,0.01421,0.014227,0.015155,0.014286,0.014684,0.015377,0.015138,0.014325,0.015136,0.015222,0.014392,0.014831,0.015445,0.014265,0.014426,0.014898,0.015009,0.015296,0.014605,0.014309,0.015079,0.014952,0.014413,0.014352,0.014376,0.01501,0.014319,0.014399,0.014508,0.015045,0.014907,0.015257,0.014574,0.015183,0.015191,0.014586,0.015054,0.014739,0.014309,0.015408,0.014775,0.015251,0.015222,0.015369,0.01479,0.014852,0.015259,0.015433,0.015115,0.014899,0.015207,0.014921,0.015214,0.015138,0.014765,0.01536,0.015081,0.014973,0.01434,0.015457,0.01535,0.015072,0.015352,0.014829,0.015131,0.014518,0.014624,0.014425,0.014419,0.01544,0.015256
560,0.0737,0.069895,0.072825,0.065756,0.069752,0.069647,0.067123,0.07128,0.073357,0.070213,0.069705,0.069975,0.069083,0.071093,0.068411,0.070061,0.070872,0.067817,0.073305,0.068916,0.068419,0.070878,0.074603,0.070433,0.070169,0.067563,0.073835,0.071534,0.074088,0.065673,0.068379,0.06989,0.068282,0.06901,0.066214,0.071222,0.068573,0.064652,0.069469,0.07283,0.074838,0.070063,0.068345,0.068681,0.06953,0.073488,0.067711,0.07326,0.068764,0.067781,0.074675,0.065201,0.063566,0.073914,0.072111,0.072304,0.071903,0.070325,0.070243,0.06963,0.066711,0.070488,0.066444,0.068827,0.069205,0.068354,0.068566,0.06936,0.066454,0.072124,0.069578,0.072453,0.067391,0.065411,0.06561,0.071725,0.069255,0.067043,0.069615,0.075363,0.069169,0.069016,0.069343,0.073564,0.068318,0.072723,0.06729,0.069923,0.07422,0.071233,0.065809,0.070055,0.065952,0.073473,0.074364,0.068216,0.073427,0.070877,0.069732,0.072375,0.067539,0.069184,0.070182,0.068465,0.073266,0.067857,0.072587,0.069232,0.071158,0.075699,0.06551,0.071092,0.070467,0.068806,0.072414,0.07153,0.07369,0.065227,0.071006,0.071402,0.068511,0.066933,0.068537,0.073344,0.068523,0.074541,0.068832,0.07121,0.069891,0.068055,0.068843,0.069753,0.0707,0.063357,0.072635,0.07348,0.070867,0.067577,0.073414,0.066547,0.070131,0.069729,0.073603,0.073589,0.071547,0.068435,0.071302,0.070726,0.066556,0.070503,0.067777,0.068938,0.067471,0.069717,0.073633,0.067936,0.070857,0.07544,0.071011,0.067197,0.06686,0.067898,0.07211,0.068615,0.073308,0.068169,0.069693,0.071496,0.067738,0.070547,0.068119,0.07078,0.071587,0.074955,0.072262,0.073841,0.071552,0.071039,0.06627,0.069921,0.07006,0.073252,0.070433,0.069806,0.067962,0.07438,0.0671,0.070622,0.068834,0.069635,0.075243,0.071287,0.069528,0.067923,0.071866,0.065848,0.072812,0.070176,0.070454,0.074398,0.073199,0.074939,0.07033,0.070817,0.069303,0.070607,0.072255,0.068005,0.071561,0.069224,0.070769,0.071609,0.067372,0.068493,0.074298,0.070496,0.0738,0.069716,0.070679,0.066069,0.071205,0.072035,0.068509,0.066004,0.07292,0.070885,0.073277,0.073058,0.06652,0.072124,0.075151,0.064274,0.066257,0.068951,0.073551,0.071985,0.068252,0.07081,0.067914,0.073246,0.067449,0.065416,0.06957,0.072735,0.072108,0.073854,0.075472,0.070007,0.075293,0.072073,0.067963,0.074292,0.069811,0.070022,0.069968,0.073696,0.0736,0.070842,0.06916,0.071964,0.073505,0.071381,0.067607,0.06779,0.070799,0.066262,0.070612,0.069468,0.074851,0.069984,0.07023,0.072201,0.067895,0.065645,0.065628,0.070398,0.069757,0.070584,0.066826,0.070711,0.068114,0.07106,0.073723,0.072405,0.072262,0.071461,0.070873,0.066362,0.067297,0.070084,0.07257,0.070324,0.069847,0.07436,0.068096,0.069858,0.069788,0.072132,0.071976,0.069985,0.069059,0.068794,0.066266,0.06528,0.072678,0.068284,0.071972,0.069619,0.069578,0.070271,0.07416,0.068678,0.06944,0.065729,0.069514,0.073643,0.07222,0.07454,0.067834,0.067454,0.072672,0.069647,0.069805,0.069875,0.068303,0.069702,0.072668,0.069496,0.069625,0.068969,0.064239,0.069261,0.069542,0.069595,0.066433,0.070085,0.069261,0.066113,0.07042,0.072803,0.067327,0.072184,0.06743,0.07019,0.070883,0.070528,0.06502,0.07289,0.069574,0.067983,0.072905,0.064493,0.07211,0.067996,0.067496,0.071387,0.067015,0.069239,0.067412,0.066863,0.067869,0.072816,0.070676,0.068764,0.069029,0.070371,0.068498,0.074105,0.068721,0.072368,0.070881,0.074238,0.07162,0.068237,0.073113,0.067463,0.070177,0.069323,0.071408,0.07591,0.075451,0.070234,0.067101,0.068244,0.072769,0.068821,0.072675,0.068221,0.070709,0.070955,0.07013,0.07087,0.069028,0.075205,0.073516,0.069855,0.070642,0.072383,0.073326,0.070686,0.07326,0.07184,0.071126,0.066777,0.071252,0.066366,0.065952,0.070478,0.065252,0.065751,0.069968,0.066828,0.065144,0.068881,0.07171,0.07149,0.069237,0.068819,0.069547,0.070149,0.074861,0.074215,0.072447,0.068904,0.068405,0.072344,0.070561,0.066385,0.071478,0.064741,0.065521,0.072421,0.067781,0.066346,0.073006,0.071969,0.068362,0.072131,0.070707,0.068194,0.072082,0.073864,0.06583,0.066614,0.073051,0.072028,0.071695,0.066185,0.067137,0.071252,0.06804,0.066867,0.065045,0.068307,0.072408,0.066091,0.068609,0.066699,0.07008,0.07086,0.074748,0.070164,0.069243,0.073325,0.068545,0.073049,0.068713,0.064328,0.075232,0.069023,0.072298,0.072026,0.075186,0.071785,0.069649,0.072472,0.071684,0.072819,0.067864,0.073223,0.072564,0.069406,0.071891,0.066913,0.073528,0.071268,0.072149,0.068829,0.075114,0.070519,0.072998,0.07094,0.07133,0.07188,0.068008,0.066789,0.06721,0.066705,0.071849,0.070584
665,0.022295,0.02092,0.021964,0.020091,0.021015,0.021126,0.020489,0.021427,0.022149,0.021101,0.021115,0.020955,0.020845,0.02138,0.020782,0.021153,0.021355,0.020509,0.022269,0.021127,0.020515,0.021321,0.022635,0.021119,0.021179,0.020202,0.022355,0.021553,0.022471,0.019766,0.020444,0.020976,0.021207,0.020705,0.020213,0.021599,0.020875,0.019606,0.020843,0.021961,0.022708,0.020979,0.020458,0.020829,0.020806,0.022205,0.020455,0.022116,0.020635,0.020947,0.022656,0.019607,0.019205,0.022477,0.021848,0.021805,0.021625,0.021098,0.021049,0.021302,0.020151,0.021119,0.020008,0.020728,0.020737,0.02049,0.020518,0.02074,0.020217,0.021809,0.020867,0.021985,0.020147,0.019679,0.019789,0.021556,0.02093,0.020528,0.021031,0.022922,0.020707,0.02092,0.020795,0.022302,0.020463,0.022069,0.020314,0.020974,0.022473,0.021737,0.019782,0.021218,0.019809,0.022197,0.022569,0.02065,0.022341,0.021293,0.021309,0.02196,0.020566,0.020758,0.021439,0.020483,0.022115,0.020309,0.021892,0.020816,0.021471,0.023038,0.019687,0.021346,0.021161,0.020591,0.021828,0.021486,0.022367,0.019641,0.02134,0.021663,0.020761,0.020079,0.020535,0.02216,0.020586,0.022601,0.020641,0.021755,0.020938,0.020492,0.020786,0.020895,0.021406,0.019209,0.022024,0.02227,0.021264,0.020663,0.022191,0.019898,0.021191,0.021303,0.022296,0.02227,0.02171,0.020525,0.021468,0.021199,0.02021,0.021262,0.020243,0.020823,0.020348,0.020856,0.02233,0.020426,0.021256,0.022967,0.021353,0.020535,0.020091,0.020468,0.021695,0.020559,0.022138,0.020486,0.020847,0.021633,0.02046,0.021165,0.020758,0.021349,0.021591,0.022767,0.0218,0.02239,0.021765,0.021319,0.019827,0.020934,0.021426,0.022134,0.021486,0.021242,0.020832,0.022543,0.020366,0.021381,0.02112,0.020928,0.022865,0.021444,0.020923,0.020315,0.021789,0.020006,0.021983,0.021049,0.021124,0.02263,0.022247,0.02279,0.021359,0.021245,0.020741,0.021286,0.021925,0.020518,0.021816,0.020723,0.021336,0.021752,0.020398,0.020487,0.022565,0.021356,0.022329,0.020881,0.021412,0.019778,0.021583,0.021715,0.020631,0.019881,0.022092,0.021271,0.022143,0.022136,0.020203,0.02196,0.022842,0.019544,0.020129,0.020718,0.022277,0.021875,0.020619,0.021263,0.020501,0.022271,0.020174,0.019755,0.021088,0.02205,0.021798,0.022368,0.022965,0.021272,0.022907,0.021901,0.020693,0.022564,0.02089,0.020983,0.021236,0.022363,0.022309,0.021274,0.020727,0.021814,0.02222,0.021758,0.020214,0.02045,0.021376,0.019959,0.021162,0.020824,0.022744,0.021361,0.021043,0.021782,0.020334,0.019682,0.0197,0.021329,0.021008,0.021374,0.020362,0.021297,0.020433,0.021366,0.022384,0.021921,0.021798,0.021459,0.021305,0.019999,0.020111,0.021022,0.021938,0.021318,0.020917,0.022545,0.020508,0.021028,0.020979,0.021961,0.021799,0.020963,0.020875,0.020751,0.019908,0.019571,0.022034,0.020473,0.021807,0.020871,0.021003,0.021051,0.022452,0.021025,0.020997,0.020164,0.020792,0.022332,0.021752,0.022631,0.020285,0.020508,0.021922,0.020857,0.020886,0.021121,0.020469,0.020854,0.021958,0.020834,0.021039,0.02063,0.0194,0.020735,0.020797,0.020933,0.020112,0.021028,0.020886,0.020245,0.021214,0.022003,0.020586,0.021719,0.020362,0.021178,0.021289,0.021163,0.019611,0.02216,0.020892,0.020317,0.022045,0.019459,0.021696,0.020593,0.02032,0.021463,0.020132,0.020769,0.020581,0.02009,0.020374,0.022054,0.021203,0.020894,0.020654,0.021392,0.020697,0.022524,0.020606,0.0218,0.021315,0.022489,0.021845,0.020532,0.022101,0.020428,0.021027,0.020723,0.021456,0.023125,0.022954,0.021283,0.020111,0.020483,0.022105,0.020607,0.02196,0.020531,0.021446,0.021355,0.021235,0.021307,0.02063,0.022891,0.022245,0.020978,0.021565,0.021794,0.022173,0.021254,0.022242,0.021625,0.021388,0.020218,0.021416,0.019882,0.020048,0.021447,0.019872,0.019831,0.020977,0.019999,0.019723,0.020615,0.021553,0.021492,0.020735,0.020696,0.021496,0.021011,0.022767,0.022544,0.021893,0.020668,0.020462,0.021971,0.021228,0.02027,0.02168,0.0196,0.01998,0.021888,0.020781,0.019928,0.022033,0.021703,0.020907,0.021764,0.021218,0.020663,0.021902,0.022348,0.019949,0.020092,0.022206,0.021807,0.021563,0.01983,0.020399,0.021448,0.020344,0.020473,0.019652,0.020782,0.021914,0.019993,0.020818,0.020109,0.021035,0.021359,0.022729,0.021368,0.020713,0.022195,0.020707,0.022152,0.020655,0.019436,0.022882,0.020772,0.021796,0.021702,0.022864,0.021814,0.020932,0.021873,0.021539,0.022039,0.020291,0.022152,0.022004,0.020759,0.021696,0.020019,0.022233,0.021466,0.021836,0.020957,0.022816,0.021136,0.022116,0.021285,0.021573,0.021694,0.020498,0.020053,0.020585,0.020196,0.021599,0.021172
705,0.11384,0.10873,0.1127,0.10161,0.10797,0.10753,0.10317,0.11052,0.11346,0.10887,0.10785,0.10876,0.10674,0.11013,0.10534,0.10827,0.10968,0.10479,0.11297,0.10576,0.10615,0.10981,0.11505,0.10939,0.1085,0.10514,0.11401,0.11072,0.11425,0.10206,0.10634,0.10847,0.1051,0.1071,0.1023,0.10989,0.10571,0.10031,0.10792,0.11273,0.11544,0.10896,0.10622,0.10604,0.10812,0.11362,0.10459,0.1133,0.10676,0.10452,0.11518,0.10132,0.098451,0.11385,0.11122,0.11188,0.11148,0.10915,0.10917,0.10741,0.10332,0.10959,0.10316,0.10679,0.1075,0.10613,0.10665,0.10798,0.10249,0.11137,0.10796,0.11182,0.1048,0.10161,0.10167,0.11126,0.10712,0.10338,0.10767,0.11608,0.10747,0.10663,0.10759,0.11349,0.1063,0.11207,0.10428,0.10849,0.11461,0.10962,0.10202,0.10801,0.10256,0.11361,0.1147,0.10572,0.11307,0.10993,0.10702,0.11154,0.10419,0.10749,0.10772,0.10648,0.11335,0.10556,0.11231,0.10721,0.11007,0.11658,0.1016,0.1103,0.10926,0.10699,0.11208,0.11098,0.11357,0.1013,0.11009,0.11009,0.10562,0.10405,0.10652,0.11341,0.10628,0.11502,0.10679,0.10954,0.1086,0.10531,0.10655,0.10847,0.10932,0.098159,0.11202,0.11343,0.11,0.10419,0.11344,0.10349,0.10856,0.10726,0.11364,0.11364,0.1102,0.10625,0.11048,0.10992,0.10298,0.10898,0.10549,0.10684,0.10442,0.10851,0.11356,0.10536,0.11003,0.11615,0.11007,0.10367,0.10379,0.10523,0.11178,0.10656,0.11337,0.10573,0.10848,0.11042,0.10464,0.10952,0.10486,0.1096,0.11075,0.11554,0.11174,0.11389,0.11012,0.11031,0.10302,0.10878,0.10758,0.11324,0.10837,0.10755,0.10466,0.11479,0.10378,0.10891,0.10547,0.10808,0.11598,0.11046,0.10774,0.10564,0.1108,0.10151,0.11259,0.10894,0.10943,0.11455,0.11278,0.11547,0.10827,0.10996,0.10775,0.10937,0.1113,0.1051,0.11015,0.10761,0.10941,0.11039,0.10418,0.10657,0.11452,0.10885,0.11403,0.10842,0.10926,0.10268,0.10989,0.11146,0.10606,0.10231,0.11253,0.11003,0.11326,0.11268,0.10252,0.11101,0.11581,0.099674,0.10212,0.10708,0.11353,0.11094,0.10558,0.10982,0.10494,0.1128,0.10485,0.10132,0.10745,0.11228,0.11141,0.11398,0.11624,0.10775,0.11597,0.11093,0.10454,0.1145,0.10864,0.10875,0.10775,0.11369,0.11351,0.10986,0.10735,0.111,0.1136,0.11006,0.10525,0.10504,0.10941,0.10288,0.10976,0.10788,0.11534,0.10768,0.10914,0.11164,0.10553,0.10212,0.10184,0.10851,0.10805,0.10883,0.10281,0.10944,0.10565,0.1102,0.1137,0.11185,0.11184,0.11091,0.10988,0.103,0.10469,0.10879,0.11209,0.10872,0.10856,0.11474,0.10551,0.10823,0.10809,0.1112,0.11119,0.10879,0.1066,0.10647,0.10274,0.1014,0.11209,0.10609,0.11104,0.10809,0.10766,0.10929,0.11455,0.10574,0.10716,0.10183,0.10816,0.11355,0.11185,0.11489,0.10554,0.10399,0.11243,0.10827,0.10862,0.10785,0.10602,0.10846,0.11231,0.10786,0.10748,0.10727,0.099754,0.10766,0.10823,0.10784,0.10256,0.10872,0.10712,0.10205,0.10904,0.11246,0.10384,0.11188,0.10439,0.10851,0.10995,0.10947,0.10093,0.11226,0.10784,0.1058,0.1126,0.10027,0.11176,0.10509,0.1047,0.11063,0.10403,0.10759,0.1039,0.10373,0.10535,0.11245,0.1097,0.10607,0.10744,0.10836,0.10594,0.11414,0.10667,0.11205,0.10982,0.1146,0.11022,0.10576,0.11295,0.10464,0.10905,0.10792,0.11076,0.11686,0.11625,0.1086,0.10435,0.10597,0.11215,0.1069,0.11227,0.10594,0.10906,0.10992,0.10833,0.1098,0.10748,0.11583,0.11351,0.10837,0.10873,0.11213,0.11328,0.10954,0.11291,0.11127,0.11025,0.10319,0.11045,0.10329,0.10207,0.1088,0.10135,0.10199,0.10868,0.10393,0.10107,0.10712,0.11124,0.11081,0.10755,0.10656,0.107,0.10905,0.11531,0.11437,0.11196,0.10709,0.10643,0.11139,0.10931,0.10253,0.11027,0.10037,0.10135,0.11197,0.10439,0.10332,0.11293,0.11134,0.10505,0.11155,0.10972,0.10515,0.11109,0.11413,0.1019,0.10324,0.11244,0.11128,0.11111,0.10288,0.10369,0.11031,0.10591,0.10348,0.10101,0.10534,0.11178,0.10235,0.1057,0.10348,0.10873,0.10957,0.11514,0.10812,0.10774,0.11318,0.10594,0.11267,0.10653,0.09998,0.11592,0.10698,0.11188,0.1115,0.11581,0.11064,0.10789,0.11213,0.1112,0.11244,0.10557,0.11306,0.11183,0.10798,0.11124,0.10417,0.1136,0.11035,0.11135,0.10584,0.1158,0.10959,0.11263,0.11015,0.11007,0.11122,0.10517,0.1038,0.10395,0.10331,0.11144,0.10959
740,0.30377,0.30168,0.30393,0.2604,0.28734,0.27961,0.25959,0.30051,0.30524,0.29441,0.28434,0.30006,0.28017,0.2973,0.26922,0.28545,0.2931,0.27363,0.29494,0.26455,0.28661,0.29614,0.30417,0.30042,0.28685,0.28892,0.30328,0.29721,0.30128,0.27378,0.29252,0.29505,0.26198,0.29015,0.26238,0.28662,0.27068,0.26358,0.29498,0.30439,0.30602,0.30193,0.29063,0.27475,0.29867,0.30485,0.27249,0.30469,0.28943,0.26369,0.30503,0.27147,0.25758,0.29688,0.29125,0.30068,0.30378,0.29803,0.30104,0.27562,0.27165,0.30344,0.27572,0.28731,0.29365,0.28796,0.29352,0.3007,0.26287,0.29432,0.29313,0.29359,0.2868,0.27164,0.26869,0.30427,0.2821,0.26246,0.28404,0.305,0.2946,0.27791,0.29171,0.29942,0.29249,0.29232,0.27588,0.295,0.3056,0.27999,0.27101,0.27997,0.27707,0.30508,0.30317,0.28002,0.29349,0.29918,0.2687,0.29058,0.26674,0.29367,0.27094,0.29266,0.30542,0.28961,0.30218,0.28625,0.29305,0.30631,0.27024,0.30134,0.29618,0.29408,0.30213,0.30386,0.29776,0.27009,0.29887,0.28614,0.27233,0.28206,0.29094,0.30447,0.28559,0.30527,0.28873,0.2788,0.29865,0.27823,0.2815,0.29959,0.28856,0.25694,0.29335,0.30027,0.30144,0.26514,0.30309,0.28215,0.28851,0.27169,0.30169,0.3024,0.28513,0.28785,0.29856,0.3038,0.26784,0.28841,0.29129,0.28451,0.2755,0.3021,0.29898,0.28187,0.30241,0.3042,0.2981,0.26442,0.27828,0.27966,0.30444,0.29018,0.30459,0.28357,0.30217,0.29083,0.27283,0.29979,0.26703,0.29339,0.29613,0.30486,0.29892,0.30042,0.28314,0.30312,0.27984,0.30206,0.27107,0.3032,0.27588,0.27577,0.26439,0.30482,0.26992,0.28334,0.26139,0.29319,0.30605,0.29881,0.28875,0.29,0.28891,0.25941,0.3016,0.29765,0.30074,0.29881,0.29376,0.30347,0.27799,0.30198,0.2971,0.2933,0.28904,0.27531,0.28236,0.29592,0.29043,0.28653,0.27156,0.29406,0.30106,0.2846,0.30486,0.29968,0.28785,0.27802,0.28715,0.29928,0.28165,0.27154,0.29671,0.30138,0.30306,0.29622,0.26215,0.2854,0.30512,0.26035,0.26088,0.29063,0.30087,0.28781,0.2773,0.29887,0.27431,0.29291,0.28616,0.26671,0.28004,0.29607,0.29537,0.30231,0.30526,0.27588,0.30451,0.28606,0.26508,0.30072,0.30221,0.29821,0.27699,0.29974,0.29908,0.29886,0.29193,0.29015,0.3039,0.28458,0.29015,0.27846,0.2892,0.27482,0.30355,0.29444,0.30345,0.27357,0.30096,0.29836,0.2876,0.27669,0.27216,0.28122,0.28878,0.28288,0.26012,0.29261,0.28422,0.29966,0.29906,0.29615,0.30081,0.30425,0.29784,0.27459,0.28717,0.29692,0.29747,0.28587,0.2993,0.30432,0.28039,0.29003,0.28975,0.28858,0.29369,0.30026,0.27773,0.28135,0.27356,0.27258,0.29377,0.28859,0.29074,0.29504,0.28487,0.30301,0.30602,0.2677,0.27907,0.26353,0.30016,0.29858,0.30274,0.30253,0.2901,0.26686,0.30239,0.29838,0.30205,0.28169,0.28703,0.30134,0.29944,0.29341,0.28087,0.29618,0.26413,0.29602,0.30107,0.28903,0.26506,0.2955,0.28324,0.25971,0.29164,0.29909,0.26439,0.3045,0.27456,0.28695,0.29949,0.29913,0.26767,0.29114,0.29049,0.29216,0.2992,0.26784,0.30408,0.27356,0.2797,0.30004,0.27919,0.29431,0.26405,0.27781,0.28378,0.2977,0.30024,0.27315,0.29792,0.27846,0.27808,0.29818,0.28944,0.30294,0.29655,0.3049,0.28207,0.28214,0.30084,0.27752,0.30042,0.30063,0.30229,0.30626,0.30597,0.28592,0.28404,0.28673,0.29216,0.29181,0.2986,0.28594,0.28325,0.29608,0.28358,0.29639,0.29927,0.30376,0.30169,0.29376,0.27725,0.30436,0.3021,0.29572,0.29506,0.301,0.29882,0.26861,0.2998,0.28185,0.26511,0.28278,0.26746,0.27003,0.29784,0.28364,0.26637,0.29497,0.30412,0.3011,0.29416,0.28374,0.26823,0.30137,0.30219,0.3,0.29788,0.29283,0.29337,0.2883,0.29401,0.26271,0.28766,0.26317,0.26129,0.29863,0.26369,0.28209,0.30376,0.29829,0.26465,0.29826,0.29979,0.27107,0.2884,0.30526,0.26553,0.27288,0.29108,0.29435,0.30166,0.2791,0.26733,0.29644,0.29232,0.26748,0.26806,0.27021,0.29483,0.26807,0.27127,0.27528,0.29551,0.29129,0.30171,0.27765,0.29857,0.2997,0.27785,0.29598,0.28561,0.26605,0.30498,0.28638,0.30099,0.30029,0.30412,0.28682,0.2894,0.30114,0.30423,0.29768,0.29031,0.30007,0.29183,0.29925,0.29806,0.28602,0.30339,0.29651,0.29303,0.26853,0.30588,0.30243,0.2967,0.30261,0.28863,0.29789,0.27663,0.28044,0.26808,0.27096,0.30449,0.3004
783,0.34128,0.34163,0.34231,0.2887,0.32161,0.3112,0.28671,0.33869,0.34367,0.33093,0.3175,0.33915,0.31226,0.33425,0.2983,0.31853,0.32864,0.30426,0.32928,0.29173,0.32148,0.33287,0.34115,0.33933,0.32063,0.32549,0.34052,0.33383,0.33746,0.30623,0.32974,0.33209,0.28926,0.32603,0.29096,0.31947,0.30038,0.29351,0.33235,0.34297,0.3436,0.34181,0.32703,0.3056,0.33754,0.34304,0.30303,0.34299,0.32514,0.29173,0.34236,0.30367,0.28632,0.33149,0.32496,0.33808,0.34288,0.33588,0.34035,0.30599,0.30286,0.34365,0.30827,0.32219,0.33075,0.32328,0.33104,0.34066,0.29106,0.32918,0.32961,0.32806,0.32256,0.30373,0.29922,0.34368,0.3148,0.29055,0.31715,0.34172,0.33203,0.30938,0.32781,0.33528,0.3298,0.32598,0.30788,0.33196,0.34347,0.31065,0.30237,0.31133,0.31044,0.34339,0.33995,0.31276,0.32721,0.33713,0.29682,0.32384,0.29594,0.33074,0.29944,0.32996,0.34405,0.32613,0.34001,0.32036,0.32828,0.34329,0.30156,0.34002,0.33318,0.33168,0.34008,0.34328,0.33278,0.30182,0.33662,0.31881,0.30229,0.31646,0.32744,0.34264,0.32014,0.34281,0.32408,0.3091,0.33725,0.3104,0.31428,0.33871,0.32248,0.28533,0.32766,0.33656,0.34036,0.29366,0.34058,0.31681,0.32284,0.30097,0.33847,0.3395,0.31719,0.32331,0.3359,0.34392,0.2978,0.32236,0.32851,0.31828,0.30699,0.34239,0.33467,0.31555,0.34174,0.34058,0.33548,0.29297,0.31152,0.31249,0.34366,0.32618,0.34285,0.31768,0.34251,0.32498,0.30345,0.33832,0.2954,0.32906,0.33223,0.34189,0.33559,0.3364,0.31439,0.34266,0.31388,0.34213,0.29946,0.34089,0.30595,0.3062,0.29247,0.34222,0.30016,0.31543,0.28801,0.3297,0.34333,0.33629,0.32362,0.3265,0.32193,0.28724,0.339,0.33559,0.33976,0.33372,0.32774,0.33992,0.30852,0.34123,0.33542,0.32907,0.32195,0.30655,0.31356,0.33393,0.32493,0.31907,0.30229,0.33187,0.33701,0.31727,0.34281,0.33886,0.32154,0.31156,0.32019,0.33623,0.31452,0.30273,0.332,0.34026,0.34069,0.33119,0.29035,0.31732,0.34208,0.28957,0.28887,0.32667,0.33734,0.32053,0.30923,0.33671,0.30529,0.32661,0.32162,0.29675,0.31183,0.33127,0.33077,0.3391,0.34205,0.30597,0.3411,0.31807,0.29324,0.33659,0.34244,0.33644,0.30745,0.33564,0.33476,0.33668,0.32828,0.3238,0.3417,0.31664,0.32709,0.31096,0.32312,0.3072,0.34369,0.33163,0.33989,0.30323,0.34028,0.33485,0.32338,0.31029,0.30402,0.31276,0.32348,0.31484,0.28757,0.32789,0.31844,0.33767,0.33467,0.33164,0.3383,0.34391,0.33523,0.30682,0.32314,0.33463,0.33324,0.31911,0.33813,0.34158,0.31346,0.32511,0.32474,0.32149,0.32856,0.33945,0.30904,0.31423,0.30543,0.30484,0.3282,0.32437,0.32459,0.3322,0.31829,0.3432,0.34417,0.29629,0.31055,0.29279,0.33971,0.33402,0.34108,0.33887,0.3269,0.29561,0.34024,0.33704,0.34225,0.31374,0.32215,0.3413,0.33602,0.33007,0.31282,0.33439,0.29469,0.33405,0.34101,0.32402,0.29416,0.33254,0.31613,0.2876,0.3269,0.33539,0.29286,0.34364,0.30619,0.32048,0.3376,0.3374,0.29879,0.32448,0.32593,0.3295,0.33542,0.2992,0.3431,0.30449,0.31284,0.3379,0.31264,0.3316,0.29258,0.31052,0.31818,0.33347,0.3388,0.30346,0.33693,0.30894,0.31009,0.33305,0.32506,0.34124,0.3333,0.34252,0.31314,0.31569,0.33761,0.30996,0.33946,0.34056,0.34117,0.34309,0.34305,0.31924,0.31903,0.32183,0.32586,0.32838,0.33481,0.32078,0.31544,0.33267,0.31616,0.33314,0.33891,0.34012,0.33849,0.3303,0.30744,0.34326,0.33929,0.33243,0.32953,0.33885,0.3364,0.29833,0.33767,0.3166,0.29465,0.31486,0.29821,0.30139,0.33599,0.31852,0.29682,0.33282,0.34352,0.33934,0.33135,0.31725,0.29649,0.34095,0.33821,0.33564,0.33401,0.3298,0.33097,0.32089,0.33015,0.29127,0.32069,0.29313,0.28999,0.33509,0.29168,0.31697,0.34192,0.33501,0.29219,0.33483,0.33813,0.30086,0.32125,0.34332,0.29547,0.30454,0.32415,0.32943,0.33996,0.31279,0.29696,0.33291,0.32978,0.29717,0.29911,0.29994,0.32985,0.29859,0.30085,0.3075,0.33263,0.32604,0.33762,0.30827,0.33767,0.33585,0.30938,0.33089,0.32003,0.29696,0.34183,0.32075,0.33856,0.33779,0.34061,0.31934,0.32437,0.3386,0.34368,0.33344,0.32698,0.33644,0.32552,0.33848,0.33472,0.32191,0.34087,0.33302,0.32738,0.29715,0.34321,0.34214,0.33198,0.34204,0.32205,0.33449,0.3083,0.31436,0.29773,0.30178,0.34396,0.33906
842,0.34163,0.34218,0.34276,0.28973,0.32223,0.31188,0.28737,0.33918,0.34406,0.33146,0.31818,0.33965,0.31276,0.33469,0.29887,0.31892,0.32918,0.3047,0.32971,0.29214,0.32199,0.33339,0.34149,0.33986,0.32125,0.32616,0.34091,0.33433,0.3378,0.30708,0.33027,0.33263,0.29034,0.32665,0.29195,0.32003,0.30125,0.29451,0.33293,0.34341,0.34397,0.34236,0.3275,0.30641,0.33804,0.34346,0.3036,0.34339,0.32575,0.29279,0.34273,0.30461,0.28708,0.33189,0.32529,0.33853,0.34337,0.33632,0.34088,0.3068,0.30376,0.34419,0.30908,0.32286,0.33134,0.32373,0.33163,0.34123,0.29154,0.32952,0.33009,0.32856,0.32311,0.30467,0.29973,0.34413,0.31546,0.29152,0.31777,0.34203,0.33253,0.31009,0.32829,0.33569,0.33044,0.32629,0.30866,0.33243,0.34382,0.31128,0.303,0.31181,0.31124,0.34381,0.34033,0.31354,0.32764,0.33763,0.29736,0.32416,0.2969,0.33134,0.29996,0.33058,0.34448,0.32676,0.34046,0.32085,0.32879,0.34359,0.3022,0.34048,0.33363,0.33228,0.34054,0.34375,0.33308,0.30278,0.33713,0.3194,0.30284,0.31718,0.32804,0.34307,0.32082,0.34319,0.32458,0.30975,0.3378,0.31094,0.31495,0.33927,0.32308,0.28591,0.32814,0.33699,0.34083,0.29458,0.34096,0.3174,0.32346,0.3018,0.33888,0.33991,0.3176,0.32396,0.33641,0.34442,0.29871,0.3228,0.32906,0.31898,0.30744,0.34296,0.33509,0.31628,0.34221,0.34093,0.33598,0.29391,0.31233,0.31321,0.34414,0.32663,0.34328,0.31838,0.34308,0.32549,0.30402,0.33885,0.29584,0.32961,0.33271,0.34225,0.33599,0.33672,0.31471,0.34317,0.31448,0.34269,0.29983,0.3413,0.3067,0.30697,0.2934,0.34255,0.30102,0.31588,0.28862,0.33029,0.34368,0.33679,0.32421,0.32698,0.32226,0.28794,0.33944,0.33613,0.34029,0.334,0.32818,0.34029,0.309,0.34175,0.3359,0.32963,0.32233,0.30711,0.31415,0.33451,0.32536,0.31962,0.30318,0.33246,0.33739,0.31787,0.34323,0.33942,0.32215,0.31216,0.32075,0.33661,0.31495,0.30323,0.33244,0.34073,0.34112,0.33155,0.29101,0.3179,0.34243,0.29063,0.28955,0.3273,0.33775,0.32106,0.31002,0.33717,0.30585,0.32708,0.32217,0.29726,0.3125,0.33174,0.33124,0.33945,0.34239,0.30646,0.34144,0.31847,0.29384,0.33698,0.343,0.33692,0.30794,0.33606,0.33511,0.33713,0.32877,0.32433,0.34212,0.31728,0.32773,0.3117,0.32349,0.30802,0.34423,0.33221,0.34019,0.30403,0.34082,0.33525,0.32406,0.31115,0.30466,0.31322,0.32407,0.31529,0.28823,0.32828,0.31896,0.33818,0.33509,0.33212,0.33877,0.34439,0.33573,0.30765,0.3237,0.33517,0.33358,0.31976,0.3386,0.34196,0.3142,0.32568,0.3252,0.32205,0.32908,0.33999,0.30955,0.31495,0.30604,0.30548,0.32868,0.325,0.32511,0.33264,0.31891,0.34375,0.34458,0.29714,0.31105,0.2939,0.34023,0.33436,0.34154,0.3392,0.32756,0.29607,0.34069,0.33759,0.34281,0.31422,0.32266,0.34186,0.33645,0.33055,0.3133,0.33487,0.29577,0.33463,0.34154,0.32463,0.29481,0.333,0.31653,0.28863,0.32744,0.33577,0.29379,0.34409,0.30703,0.32087,0.33811,0.33792,0.29979,0.32498,0.3264,0.32999,0.33576,0.30016,0.34355,0.30533,0.31357,0.33834,0.31343,0.3322,0.29359,0.311,0.31889,0.33393,0.33927,0.3043,0.33752,0.30931,0.31086,0.33334,0.32551,0.34166,0.3337,0.34291,0.31374,0.31642,0.33799,0.31079,0.33993,0.3411,0.34166,0.34342,0.3434,0.31989,0.31973,0.32247,0.32632,0.32888,0.33519,0.32148,0.31608,0.33317,0.31678,0.33358,0.33949,0.34048,0.33886,0.33085,0.30813,0.3437,0.33971,0.33296,0.32998,0.33925,0.3369,0.29881,0.33811,0.31735,0.29561,0.31555,0.29925,0.30233,0.33653,0.31901,0.29778,0.3334,0.34401,0.33978,0.33185,0.31775,0.29743,0.34149,0.33858,0.33603,0.33446,0.33041,0.33157,0.32128,0.33069,0.29225,0.32123,0.2942,0.29101,0.33556,0.29262,0.31777,0.34235,0.33549,0.29262,0.3353,0.33859,0.30142,0.32177,0.34374,0.29648,0.30543,0.32451,0.32993,0.3404,0.31329,0.29792,0.33333,0.3304,0.29818,0.30004,0.30083,0.33033,0.29956,0.3014,0.3083,0.33318,0.32647,0.338,0.30896,0.33824,0.33621,0.3098,0.33133,0.3207,0.29794,0.34219,0.32137,0.33902,0.33826,0.34092,0.31989,0.32484,0.33906,0.34415,0.33387,0.32747,0.3368,0.32589,0.339,0.3352,0.3226,0.34122,0.33351,0.32772,0.29771,0.34358,0.34268,0.33243,0.34256,0.32247,0.33497,0.30885,0.31511,0.29872,0.30264,0.34445,0.33952
865,0.34042,0.34099,0.34155,0.28911,0.32126,0.31101,0.28667,0.338,0.34283,0.33037,0.31724,0.33846,0.31183,0.33354,0.29806,0.3179,0.32812,0.30382,0.32863,0.29136,0.32097,0.33228,0.34028,0.33868,0.32029,0.32515,0.33972,0.33321,0.33662,0.30627,0.32916,0.33153,0.28974,0.32562,0.29131,0.31907,0.30054,0.29384,0.33183,0.34221,0.34275,0.34116,0.32641,0.30563,0.33687,0.34225,0.30275,0.34217,0.32472,0.29216,0.34153,0.30386,0.28638,0.33079,0.32421,0.33736,0.34216,0.33515,0.3397,0.306,0.30302,0.34297,0.30824,0.32187,0.33026,0.32268,0.33054,0.34004,0.29077,0.32841,0.32899,0.32751,0.32207,0.30392,0.29889,0.3429,0.31454,0.29088,0.31684,0.34082,0.33141,0.30924,0.32721,0.33455,0.32937,0.32521,0.30783,0.33131,0.3426,0.31041,0.30216,0.31088,0.31038,0.34259,0.33915,0.31266,0.32659,0.33647,0.29657,0.3231,0.29625,0.33025,0.29914,0.32951,0.34326,0.32573,0.33928,0.31983,0.32773,0.34236,0.30137,0.33929,0.33249,0.33119,0.33936,0.34253,0.33194,0.30205,0.33598,0.31846,0.302,0.31625,0.32699,0.34186,0.31986,0.34198,0.32353,0.3089,0.33665,0.31002,0.31405,0.3381,0.32209,0.28519,0.3271,0.33584,0.33963,0.29391,0.33975,0.31642,0.32246,0.30108,0.33771,0.33873,0.31662,0.32297,0.33527,0.3432,0.29799,0.32176,0.32797,0.31804,0.30653,0.34176,0.33396,0.31539,0.34099,0.33974,0.33484,0.29325,0.31148,0.31233,0.34292,0.32555,0.34207,0.31746,0.34188,0.32447,0.30317,0.33768,0.29503,0.32855,0.3316,0.34105,0.33483,0.33554,0.31374,0.34196,0.31353,0.34149,0.29899,0.34011,0.30592,0.30619,0.29274,0.34133,0.30028,0.31491,0.28791,0.32922,0.34247,0.33565,0.32319,0.32589,0.32122,0.28723,0.33827,0.335,0.33912,0.33285,0.32712,0.3391,0.3081,0.34056,0.33474,0.32856,0.3213,0.30622,0.31325,0.3334,0.3243,0.31866,0.30244,0.33136,0.33623,0.31693,0.34202,0.33825,0.32117,0.31123,0.31977,0.33544,0.31397,0.30236,0.33133,0.33953,0.33993,0.33043,0.29027,0.31698,0.34123,0.29001,0.28883,0.32626,0.33659,0.32008,0.3092,0.336,0.30498,0.32605,0.32114,0.29644,0.31163,0.33065,0.33014,0.33826,0.34119,0.30558,0.34024,0.31748,0.29308,0.33583,0.34179,0.33576,0.30705,0.33492,0.33396,0.33596,0.32768,0.32333,0.34092,0.31635,0.32668,0.31083,0.32243,0.3072,0.34301,0.33112,0.33899,0.30328,0.33964,0.33409,0.32307,0.31032,0.3038,0.31228,0.32306,0.31433,0.28752,0.32718,0.31797,0.33702,0.33396,0.33102,0.3376,0.34316,0.33459,0.30683,0.32266,0.33405,0.33244,0.3188,0.33742,0.34076,0.31333,0.32466,0.32415,0.32107,0.32801,0.33881,0.30864,0.31407,0.30517,0.30462,0.32763,0.32398,0.3241,0.33151,0.31796,0.34254,0.34335,0.29644,0.31013,0.29326,0.33904,0.33322,0.34034,0.33801,0.32652,0.29525,0.3395,0.33644,0.34161,0.31327,0.32163,0.34067,0.33531,0.32944,0.31236,0.33372,0.29513,0.33351,0.34034,0.32363,0.29404,0.33188,0.31554,0.28803,0.32639,0.33461,0.29313,0.34286,0.30625,0.31983,0.33696,0.33677,0.2991,0.32397,0.32533,0.32889,0.3346,0.29942,0.34233,0.30457,0.31268,0.33716,0.31257,0.3311,0.29298,0.31006,0.31796,0.33281,0.33808,0.30355,0.33637,0.30838,0.31003,0.33219,0.32444,0.34045,0.33256,0.34171,0.31284,0.31552,0.33681,0.30995,0.33874,0.3399,0.34047,0.34221,0.34219,0.31894,0.31877,0.32148,0.32529,0.32779,0.33404,0.32051,0.31518,0.33206,0.31585,0.33245,0.33832,0.3393,0.33767,0.32977,0.3073,0.34248,0.33853,0.33186,0.32892,0.33806,0.33575,0.29797,0.33694,0.31642,0.29493,0.31464,0.29855,0.30161,0.33538,0.318,0.29707,0.33229,0.34279,0.33859,0.33073,0.31677,0.29675,0.3403,0.33741,0.33489,0.33333,0.32934,0.33048,0.32026,0.32962,0.29161,0.32025,0.29358,0.29038,0.33442,0.29197,0.31684,0.34115,0.33436,0.29183,0.33417,0.33741,0.30059,0.32079,0.34252,0.29584,0.30466,0.32345,0.32886,0.3392,0.31233,0.29725,0.3322,0.32932,0.29749,0.29931,0.30012,0.32926,0.29888,0.30057,0.30747,0.33208,0.3254,0.33684,0.30812,0.33708,0.33504,0.30887,0.33024,0.31975,0.29723,0.34099,0.3204,0.33785,0.3371,0.33972,0.31892,0.32379,0.33788,0.34293,0.33275,0.32638,0.33564,0.32482,0.33782,0.33407,0.32161,0.34002,0.33239,0.32662,0.29692,0.34236,0.34148,0.33133,0.34136,0.32143,0.33384,0.30795,0.3142,0.29802,0.30188,0.34323,0.33833
945,0.31362,0.31406,0.31455,0.2698,0.29717,0.28866,0.26711,0.31156,0.31571,0.30509,0.29405,0.31191,0.28909,0.3077,0.27712,0.29441,0.30305,0.28228,0.30362,0.27143,0.29696,0.3066,0.31348,0.31207,0.29634,0.3005,0.31303,0.30739,0.31034,0.28461,0.30396,0.30607,0.27054,0.30091,0.2717,0.29552,0.27926,0.2739,0.30635,0.31512,0.31564,0.31426,0.30168,0.28369,0.31055,0.3152,0.28122,0.31511,0.30031,0.27263,0.31453,0.28215,0.26685,0.30545,0.2998,0.31101,0.31508,0.30912,0.31301,0.2845,0.28142,0.31579,0.2863,0.29796,0.30487,0.2985,0.30524,0.3133,0.27091,0.30338,0.30381,0.30271,0.2979,0.2822,0.278,0.31577,0.29168,0.27133,0.29363,0.31394,0.30588,0.28715,0.3023,0.30863,0.30427,0.30065,0.28594,0.3058,0.3155,0.28816,0.2807,0.28827,0.28813,0.31549,0.31255,0.29017,0.3019,0.31026,0.27582,0.29885,0.27551,0.30502,0.27806,0.30423,0.31608,0.30116,0.31259,0.29598,0.30286,0.3153,0.28001,0.31262,0.30681,0.30566,0.31266,0.31542,0.30638,0.28058,0.30976,0.29477,0.28056,0.29314,0.30223,0.31486,0.29598,0.31492,0.29915,0.28687,0.31033,0.28753,0.29126,0.31165,0.29814,0.266,0.30217,0.30973,0.31292,0.27396,0.31302,0.29305,0.29846,0.27973,0.31132,0.31212,0.29322,0.29864,0.30925,0.316,0.27749,0.29764,0.30294,0.29472,0.28463,0.31473,0.30803,0.29213,0.31412,0.31298,0.30887,0.27339,0.28876,0.28979,0.31574,0.30094,0.315,0.29392,0.31483,0.3001,0.28158,0.31122,0.27464,0.30358,0.30613,0.31412,0.3088,0.30945,0.29084,0.31495,0.29056,0.31454,0.27809,0.31336,0.28395,0.28418,0.27295,0.31441,0.27946,0.29175,0.2682,0.30415,0.31539,0.30947,0.29902,0.30123,0.29725,0.2676,0.31172,0.30891,0.31245,0.30715,0.30235,0.3125,0.28586,0.31369,0.30876,0.3036,0.29724,0.28424,0.29058,0.30755,0.29981,0.29518,0.28092,0.30593,0.31006,0.29371,0.315,0.31178,0.29737,0.28858,0.29612,0.30936,0.29104,0.28102,0.30591,0.31283,0.31315,0.30505,0.27029,0.2935,0.31432,0.27057,0.26901,0.30166,0.31036,0.29639,0.28679,0.3098,0.28315,0.30128,0.29711,0.27587,0.28919,0.30535,0.3049,0.31174,0.31424,0.28368,0.31348,0.29396,0.27275,0.30963,0.31481,0.3096,0.28495,0.30896,0.30806,0.30977,0.3027,0.29895,0.31401,0.2933,0.30198,0.28852,0.29829,0.28541,0.31582,0.3056,0.31239,0.28165,0.3129,0.30817,0.29872,0.28776,0.28213,0.28948,0.29891,0.29125,0.26786,0.30233,0.29438,0.31073,0.30814,0.30567,0.31123,0.31597,0.30867,0.28509,0.2984,0.3081,0.3068,0.29537,0.31105,0.31392,0.29036,0.30026,0.29968,0.29728,0.30313,0.31225,0.28633,0.29099,0.28332,0.28284,0.30262,0.29969,0.29961,0.30601,0.29459,0.31545,0.31616,0.27615,0.28762,0.27357,0.31241,0.30743,0.31356,0.31152,0.30168,0.27483,0.31278,0.31023,0.3146,0.29033,0.29753,0.31379,0.30927,0.3042,0.28955,0.3079,0.27452,0.30764,0.31352,0.29921,0.2736,0.30628,0.29239,0.26885,0.30173,0.30862,0.27328,0.31571,0.28423,0.29607,0.31059,0.31043,0.27801,0.2995,0.30069,0.30378,0.30864,0.27872,0.31525,0.28277,0.29009,0.3108,0.2897,0.30574,0.27263,0.28768,0.29435,0.30718,0.31159,0.28188,0.31019,0.28623,0.28751,0.3066,0.29999,0.31362,0.3069,0.31469,0.29023,0.29224,0.31049,0.28787,0.31218,0.31315,0.31362,0.31516,0.31515,0.29548,0.29527,0.29757,0.30079,0.3028,0.30813,0.29681,0.29196,0.30652,0.29279,0.30677,0.31176,0.31267,0.31124,0.30458,0.28549,0.31538,0.31195,0.30624,0.30372,0.3116,0.30964,0.2772,0.31061,0.29327,0.27484,0.29185,0.27813,0.28019,0.30933,0.2945,0.2767,0.30671,0.31567,0.31202,0.3053,0.29335,0.27658,0.31347,0.31098,0.30883,0.3076,0.30425,0.30518,0.29635,0.30432,0.27197,0.29653,0.27317,0.2709,0.30854,0.27228,0.29371,0.31421,0.30837,0.27184,0.30821,0.31101,0.27933,0.29698,0.31544,0.27514,0.28285,0.29908,0.30385,0.31255,0.28963,0.27638,0.30656,0.3042,0.27721,0.27863,0.27889,0.30402,0.27781,0.27932,0.28564,0.30643,0.30075,0.31049,0.2862,0.31077,0.30899,0.28665,0.30498,0.29588,0.27684,0.31411,0.29665,0.31136,0.31072,0.31299,0.2954,0.29937,0.31147,0.31577,0.30711,0.30165,0.30949,0.30026,0.31136,0.30824,0.29768,0.31327,0.3068,0.30186,0.27612,0.31526,0.31449,0.30579,0.31438,0.29736,0.30805,0.28574,0.29139,0.27767,0.28084,0.31601,0.31183
1375,0.1025,0.10257,0.10272,0.094518,0.098687,0.097396,0.093336,0.10189,0.10313,0.10037,0.098394,0.102,0.097207,0.10093,0.095094,0.098297,0.099853,0.096197,0.10006,0.094393,0.098667,0.10063,0.10244,0.102,0.098531,0.099333,0.10229,0.10081,0.10158,0.096754,0.10009,0.10058,0.095068,0.099414,0.094801,0.098541,0.095548,0.095129,0.10065,0.10289,0.10307,0.10265,0.099678,0.096296,0.10164,0.10293,0.095811,0.10293,0.09941,0.095342,0.10271,0.096034,0.093291,0.10044,0.099307,0.10175,0.10288,0.10132,0.10229,0.096959,0.095911,0.1031,0.09702,0.099043,0.10024,0.099055,0.1004,0.10237,0.094306,0.10003,0.10006,0.099909,0.09885,0.096043,0.095483,0.10315,0.097888,0.094746,0.098215,0.10257,0.10051,0.097155,0.099735,0.10116,0.10022,0.099473,0.096963,0.10049,0.10307,0.097315,0.09572,0.09706,0.09731,0.10303,0.10215,0.097789,0.099715,0.10156,0.094865,0.099123,0.09492,0.10037,0.095259,0.10011,0.10321,0.099572,0.10214,0.09848,0.099905,0.103,0.0956,0.1022,0.10072,0.10042,0.10216,0.10302,0.10068,0.09577,0.10139,0.098239,0.095695,0.098131,0.099781,0.10282,0.098462,0.10283,0.099095,0.097109,0.10154,0.096928,0.097818,0.10191,0.099075,0.093491,0.099671,0.10143,0.10228,0.095137,0.10231,0.09793,0.09913,0.095627,0.10183,0.10201,0.097962,0.098968,0.10131,0.10321,0.095666,0.098799,0.09987,0.098502,0.096593,0.10277,0.10097,0.097761,0.10265,0.10225,0.10122,0.095051,0.097167,0.097578,0.10309,0.099531,0.10285,0.098082,0.1028,0.099369,0.095874,0.10177,0.094924,0.10008,0.10059,0.10258,0.1012,0.1014,0.097661,0.10286,0.097473,0.10272,0.095497,0.10239,0.096339,0.096378,0.094986,0.10273,0.095964,0.097691,0.093529,0.10019,0.10299,0.10132,0.099168,0.09959,0.098819,0.093424,0.1019,0.10118,0.1021,0.10085,0.099803,0.10214,0.09663,0.10246,0.10123,0.10008,0.098721,0.096342,0.097707,0.10085,0.099227,0.098481,0.095827,0.10055,0.10151,0.098228,0.10286,0.10195,0.098942,0.097115,0.098646,0.10137,0.097696,0.095986,0.10054,0.10225,0.1023,0.10033,0.093896,0.098008,0.10267,0.094633,0.093672,0.099709,0.10158,0.098692,0.096825,0.10145,0.096151,0.099489,0.098696,0.095129,0.097481,0.10044,0.10033,0.10195,0.10262,0.096244,0.10242,0.098099,0.094329,0.10136,0.10281,0.1014,0.096469,0.10124,0.10102,0.10144,0.099819,0.099028,0.10255,0.098273,0.09973,0.097372,0.099015,0.096879,0.10311,0.10041,0.10216,0.09595,0.10223,0.10105,0.098983,0.096992,0.095971,0.097278,0.099146,0.0976,0.093469,0.099811,0.098178,0.10167,0.10105,0.10051,0.1018,0.1032,0.10117,0.096829,0.098948,0.10098,0.10077,0.098608,0.1018,0.10255,0.097446,0.099399,0.0992,0.098927,0.099992,0.10208,0.096714,0.097558,0.096181,0.096096,0.099765,0.099292,0.099157,0.10059,0.098379,0.103,0.10322,0.095465,0.096944,0.095466,0.10214,0.10087,0.10245,0.1019,0.09957,0.094957,0.1022,0.10155,0.10273,0.097432,0.098777,0.10249,0.10131,0.10014,0.097291,0.10102,0.094756,0.10087,0.10245,0.099078,0.094477,0.1006,0.097933,0.094378,0.099682,0.10115,0.095036,0.10311,0.096387,0.098599,0.1016,0.10156,0.095338,0.099134,0.099405,0.10011,0.1012,0.095852,0.10297,0.09614,0.097627,0.1017,0.09733,0.10052,0.09444,0.097112,0.098161,0.10083,0.10191,0.095989,0.10154,0.096864,0.096949,0.10072,0.099344,0.10248,0.10079,0.10276,0.09765,0.097781,0.10162,0.097445,0.1021,0.10234,0.10244,0.10292,0.10291,0.098626,0.098497,0.098903,0.099501,0.09984,0.10103,0.098847,0.09773,0.10068,0.098074,0.10071,0.10192,0.10219,0.10182,0.10026,0.096893,0.10301,0.10197,0.10055,0.099996,0.10195,0.10141,0.09535,0.10165,0.098155,0.095268,0.098047,0.096076,0.095705,0.10133,0.098312,0.095546,0.10072,0.10308,0.10203,0.10038,0.097986,0.095867,0.10239,0.10171,0.10116,0.10092,0.10021,0.10039,0.09855,0.10013,0.09484,0.098718,0.094529,0.094682,0.10114,0.094886,0.098339,0.10261,0.10105,0.094461,0.10101,0.10176,0.095481,0.098798,0.10299,0.094859,0.096153,0.099082,0.10013,0.10217,0.09745,0.095066,0.10067,0.10018,0.095952,0.095838,0.095487,0.10006,0.095304,0.095478,0.096916,0.10059,0.099416,0.10158,0.097003,0.10169,0.10124,0.096936,0.10034,0.098444,0.095568,0.1026,0.098739,0.10181,0.10164,0.1023,0.098519,0.099139,0.10186,0.10313,0.10081,0.099673,0.10137,0.099316,0.10185,0.10107,0.098923,0.10241,0.10074,0.099715,0.094919,0.10293,0.1027,0.10045,0.10266,0.098744,0.10103,0.096608,0.09784,0.096014,0.096173,0.10317,0.10201
1610,0.077225,0.077255,0.077371,0.070987,0.074185,0.073213,0.070252,0.076727,0.077715,0.075525,0.074022,0.076821,0.073144,0.07599,0.071561,0.074027,0.075106,0.072502,0.075285,0.07122,0.074248,0.075721,0.077165,0.076805,0.074062,0.074696,0.077042,0.075866,0.076496,0.072716,0.075338,0.075691,0.071537,0.07476,0.071205,0.074101,0.071698,0.071459,0.075759,0.077509,0.077655,0.077322,0.075055,0.072292,0.076539,0.077546,0.072097,0.077549,0.074777,0.071738,0.077366,0.072085,0.070219,0.075585,0.074777,0.076613,0.077499,0.076302,0.077037,0.07294,0.071987,0.077676,0.072922,0.074518,0.075415,0.074588,0.075549,0.077102,0.071159,0.075318,0.075313,0.075184,0.074388,0.072092,0.071992,0.077729,0.073594,0.071163,0.073848,0.077271,0.075664,0.073026,0.075065,0.076148,0.075423,0.074901,0.072878,0.075649,0.077664,0.07315,0.072029,0.073033,0.073146,0.07762,0.076933,0.073564,0.075015,0.076462,0.071391,0.074639,0.071196,0.075541,0.071684,0.075305,0.077766,0.074904,0.076917,0.074107,0.075164,0.077614,0.071939,0.076975,0.075828,0.075553,0.076932,0.077623,0.075812,0.071874,0.076322,0.073831,0.07201,0.073783,0.075067,0.077459,0.074007,0.077461,0.074575,0.072991,0.076437,0.072934,0.07354,0.076744,0.074542,0.070586,0.074962,0.076364,0.07704,0.071466,0.077063,0.073689,0.074584,0.07176,0.076677,0.076814,0.073714,0.074407,0.076273,0.077769,0.071874,0.074349,0.075169,0.074105,0.072786,0.077414,0.075986,0.073453,0.077337,0.077006,0.076194,0.071399,0.072983,0.073354,0.077665,0.074945,0.077481,0.073707,0.077439,0.074746,0.072144,0.076621,0.071595,0.075316,0.075702,0.077267,0.076196,0.076365,0.07356,0.077488,0.073345,0.077383,0.072002,0.077116,0.072326,0.072357,0.071348,0.077405,0.072105,0.073509,0.070396,0.075403,0.077593,0.076264,0.074589,0.074988,0.074413,0.070317,0.076727,0.076155,0.076886,0.075946,0.075085,0.076924,0.072711,0.077168,0.076236,0.075318,0.07429,0.072495,0.073454,0.075896,0.074676,0.074054,0.071919,0.075666,0.076422,0.073858,0.077492,0.076772,0.07444,0.073075,0.074182,0.076348,0.073586,0.07235,0.075663,0.077021,0.077043,0.07552,0.070669,0.073648,0.077337,0.071076,0.070502,0.075029,0.076481,0.074218,0.072712,0.07639,0.072351,0.074818,0.074271,0.07174,0.073279,0.075595,0.075494,0.076786,0.077296,0.072421,0.077142,0.073818,0.070991,0.076296,0.077452,0.07635,0.07259,0.076218,0.076056,0.076384,0.075129,0.074454,0.077242,0.073931,0.075028,0.073194,0.074559,0.072813,0.077685,0.075543,0.076956,0.072017,0.076987,0.076078,0.074419,0.072844,0.072216,0.073197,0.074572,0.07344,0.070351,0.075155,0.073877,0.076558,0.07607,0.075646,0.076658,0.077761,0.076155,0.072774,0.074463,0.076,0.075885,0.074185,0.076679,0.077243,0.073204,0.074769,0.074656,0.074429,0.075248,0.076872,0.072774,0.073293,0.072374,0.07231,0.075037,0.074685,0.074556,0.075749,0.073975,0.077602,0.077778,0.071719,0.072946,0.07183,0.076929,0.07594,0.077162,0.07674,0.074883,0.071618,0.07696,0.076456,0.077383,0.073314,0.074333,0.07719,0.076269,0.075377,0.073207,0.076078,0.071065,0.075913,0.077176,0.074494,0.071101,0.075734,0.07376,0.070878,0.07499,0.076161,0.071387,0.077695,0.072364,0.07425,0.076491,0.076458,0.07153,0.074538,0.074812,0.075382,0.076214,0.072019,0.077581,0.072168,0.073392,0.076589,0.073112,0.075658,0.070813,0.073161,0.07377,0.075901,0.076753,0.072048,0.076451,0.072982,0.07281,0.075849,0.074805,0.077198,0.075902,0.077404,0.073409,0.073469,0.076528,0.073305,0.07691,0.077091,0.07715,0.077538,0.077528,0.074199,0.074067,0.074383,0.074848,0.075145,0.076069,0.074368,0.073428,0.075768,0.073738,0.075821,0.076738,0.07696,0.076679,0.075441,0.072823,0.077613,0.076777,0.075656,0.075219,0.07679,0.076341,0.071898,0.07655,0.073801,0.071567,0.073759,0.072281,0.071822,0.076281,0.074038,0.071782,0.075803,0.077664,0.076845,0.075563,0.073732,0.072127,0.077117,0.076572,0.076138,0.075959,0.075419,0.075541,0.07416,0.075321,0.071236,0.074238,0.070884,0.071113,0.076141,0.071271,0.073981,0.077289,0.07605,0.071268,0.07602,0.076634,0.07185,0.074301,0.077598,0.071148,0.072179,0.074565,0.075357,0.076958,0.073406,0.071313,0.075783,0.075379,0.07219,0.072007,0.071648,0.075269,0.071503,0.071848,0.072842,0.07569,0.07482,0.07647,0.072909,0.076564,0.076231,0.073034,0.075506,0.073993,0.071798,0.077283,0.074255,0.076651,0.076516,0.077057,0.074084,0.074609,0.076707,0.077709,0.075872,0.075051,0.076329,0.074744,0.076706,0.076088,0.074398,0.077147,0.075817,0.075083,0.07143,0.077543,0.077355,0.075576,0.07733,0.074307,0.076053,0.072694,0.073557,0.072236,0.072267,0.077733,0.076837
2190,0.018472,0.018475,0.018505,0.017255,0.017739,0.017576,0.016988,0.018342,0.018599,0.01805,0.017686,0.018362,0.017512,0.018153,0.017212,0.017746,0.017944,0.017489,0.017994,0.017319,0.017745,0.018089,0.018451,0.018359,0.017712,0.017851,0.018422,0.018125,0.018279,0.017493,0.017994,0.018088,0.017244,0.017865,0.017281,0.017742,0.017263,0.017312,0.018088,0.018541,0.018581,0.018494,0.017955,0.017367,0.01829,0.018552,0.017309,0.018551,0.017882,0.017274,0.018504,0.01733,0.016982,0.018063,0.017896,0.018313,0.018539,0.018242,0.018421,0.017472,0.017313,0.018585,0.017527,0.017794,0.018016,0.017857,0.018055,0.018437,0.017312,0.018013,0.017988,0.017948,0.017776,0.017331,0.017417,0.018603,0.017645,0.017275,0.017692,0.018478,0.018073,0.017544,0.01793,0.018198,0.018005,0.017922,0.017519,0.018069,0.018586,0.017565,0.017297,0.01749,0.017565,0.018572,0.018386,0.017592,0.017934,0.018275,0.017181,0.017867,0.017179,0.018034,0.017234,0.01799,0.01861,0.017909,0.018388,0.017714,0.017967,0.018573,0.01728,0.018402,0.018113,0.018049,0.018392,0.018571,0.018125,0.017293,0.018237,0.017664,0.017293,0.01768,0.017945,0.018524,0.017701,0.018529,0.017818,0.017538,0.018266,0.01747,0.017635,0.018337,0.0178,0.017249,0.017911,0.018239,0.018418,0.017313,0.018424,0.017624,0.017809,0.017273,0.01832,0.018361,0.01763,0.017787,0.018216,0.018609,0.017368,0.017767,0.017955,0.017704,0.017532,0.018516,0.018154,0.017587,0.018501,0.018411,0.018209,0.017305,0.017495,0.017601,0.018582,0.017931,0.018534,0.017638,0.018523,0.017875,0.017318,0.018312,0.017365,0.01798,0.018091,0.018478,0.018204,0.018257,0.017661,0.018537,0.017553,0.018504,0.017418,0.018441,0.017373,0.017378,0.017298,0.018518,0.0174,0.017587,0.017011,0.018001,0.018565,0.018223,0.017842,0.017941,0.017821,0.016998,0.018339,0.018196,0.01838,0.018157,0.017949,0.018384,0.017426,0.018453,0.018226,0.01798,0.017754,0.017384,0.017619,0.018132,0.017841,0.017732,0.017301,0.018083,0.018265,0.017694,0.018533,0.018344,0.017777,0.017498,0.017758,0.018253,0.017665,0.017467,0.018082,0.018414,0.01842,0.018038,0.017057,0.017626,0.018498,0.017265,0.017029,0.017912,0.01828,0.017765,0.017443,0.018252,0.017357,0.017878,0.01775,0.017383,0.017588,0.018047,0.018042,0.018353,0.018486,0.01737,0.018448,0.017652,0.017112,0.018231,0.018528,0.018242,0.017403,0.018203,0.018169,0.018251,0.017945,0.017797,0.018472,0.017667,0.017937,0.017573,0.017851,0.017509,0.018587,0.018047,0.018404,0.017318,0.018406,0.018174,0.017789,0.017468,0.017332,0.017523,0.017838,0.017572,0.017004,0.017977,0.017664,0.018289,0.018165,0.01806,0.018315,0.018607,0.0182,0.017502,0.017793,0.018157,0.018143,0.017721,0.018334,0.018474,0.017538,0.01788,0.017836,0.017775,0.017963,0.018379,0.017438,0.017555,0.017361,0.017349,0.017928,0.017862,0.01782,0.018111,0.017717,0.018562,0.018609,0.017346,0.017472,0.017287,0.01839,0.01814,0.018453,0.018341,0.017893,0.017368,0.018399,0.018274,0.018508,0.017547,0.017763,0.018458,0.018228,0.018004,0.017525,0.018188,0.017158,0.018136,0.018454,0.017806,0.017131,0.01809,0.017696,0.017242,0.017928,0.018195,0.017303,0.01859,0.01738,0.017789,0.018279,0.018271,0.017234,0.017816,0.017872,0.018027,0.018221,0.017388,0.01856,0.017344,0.017608,0.018303,0.01752,0.018063,0.017118,0.017592,0.017651,0.018123,0.018345,0.017323,0.018262,0.017563,0.017462,0.018134,0.017902,0.018459,0.018147,0.018514,0.017611,0.01759,0.018287,0.017541,0.018392,0.018432,0.018448,0.01855,0.018542,0.017724,0.017735,0.017799,0.017897,0.017949,0.018172,0.017761,0.017582,0.018107,0.017671,0.018111,0.018342,0.018393,0.018326,0.01803,0.01751,0.018568,0.018352,0.018074,0.01797,0.018362,0.018245,0.017404,0.018293,0.017683,0.017326,0.017631,0.017358,0.017284,0.018231,0.017748,0.017355,0.018115,0.018583,0.018368,0.018048,0.017633,0.017333,0.018439,0.0183,0.018191,0.018152,0.018005,0.018053,0.017725,0.017994,0.017284,0.017769,0.017129,0.01727,0.018183,0.017289,0.017678,0.018484,0.01817,0.017325,0.018162,0.018314,0.017264,0.017782,0.018561,0.017172,0.017346,0.017815,0.017989,0.018397,0.017634,0.017199,0.018102,0.018016,0.017343,0.017386,0.017254,0.017982,0.01723,0.017263,0.017513,0.018082,0.017873,0.018274,0.017525,0.018301,0.018213,0.017571,0.018045,0.017698,0.017357,0.018478,0.017773,0.01832,0.018286,0.018423,0.017738,0.017825,0.018328,0.018593,0.018131,0.017954,0.018237,0.017856,0.018333,0.01817,0.017802,0.018453,0.018118,0.017961,0.017188,0.01855,0.018501,0.018054,0.018495,0.017758,0.018161,0.017423,0.017638,0.017351,0.017424,0.0186,0.018374
