0,14.087,16.218,14.63,14.945,14.716,14.134,14.009,15.149,14.507,15.124,14.498,15.953,14.543,14.9,14.038,14.427,14.57,14.841,13.315,13.426,15.525,14.881,13.591,15.68,14.416,16.268,13.921,14.591,13.537,16.171,16.126,15.396,13.519,15.447,14.821,13.783,14.002,15.965,15.651,14.694,13.694,16.146,15.976,14.283,16.069,14.351,14.751,14.482,15.549,13.973,13.648,16.248,16.177,13.153,13.706,14.527,15.197,15.481,15.896,13.824,15.262,16.086,15.827,15.307,15.677,15.717,16.091,16.444,14.819,13.98,15.412,13.675,16.212,16.12,15.859,15.407,14.584,14.297,14.528,13.252,15.831,14.376,15.418,13.62,16.137,13.446,15.29,15.387,14.024,13.224,15.854,13.936,16.271,14.395,13.582,15.058,13.11,15.24,13.198,13.493,14.303,15.695,13.118,16.054,14.576,16.156,14.537,14.978,14.403,13.239,15.987,15.393,15.169,15.983,14.639,15.468,13.4,16.106,15.113,13.616,14.238,16.061,15.843,14.379,15.327,13.763,15.457,13.14,15.806,15.021,14.787,16.016,14.259,16.382,13.541,13.757,15.553,14.193,14.165,16.343,14.602,13.389,13.852,13.951,13.484,15.594,14.888,15.996,15.075,14.388,16.397,14.988,15.213,16.402,13.526,15.368,15.702,13.086,15.026,14.37,15.746,15.225,15.164,15.757,14.423,15.371,16.429,13.992,14.762,15.523,14.114,14.66,14.451,13.457,14.36,13.594,13.353,15.669,16.322,16.252,13.268,14.267,13.323,13.686,13.889,13.816,14.904,13.879,13.116,15.356,13.457,14.928,15.002,16.191,13.646,14.809,14.323,15.498,15.709,13.101,13.265,13.281,13.608,15.643,16.037,14.758,13.406,14.805,13.227,15.916,14.411,13.547,14.829,16.198,13.375,14.042,14.152,16.052,14.21,16.294,13.838,14.55,15.067,15.837,13.713,15.532,14.228,13.6,14.618,13.133,13.381,15.933,14.675,15.538,13.794,13.438,14.768,15.259,14.777,13.147,16.113,15.822,14.217,13.749,14.059,13.799,13.207,13.627,13.216,13.258,13.963,13.334,16.358,15.688,13.741,13.57,13.579,15.238,15.558,13.639,14.202,13.516,16.376,15.191,14.305,15.869,16.019,15.591,13.358,13.395,15.888,14.335,15.92,16.414,16.076,13.835,14.862,13.863,14.244,14.669,15.504,15.173,13.479,13.953,14.56,15.574,15.083,15.784,16.309,15.473,14.028,14.252,15.948,13.744,15.136,14.914,14.95,13.415,13.966,15.96,14.353,14.78,15.774,16.347,13.556,15.779,13.688,15.6,14.623,16.161,14.102,13.731,14.233,15.274,16.277,13.5,14.847,13.421,16.206,14.514,14.512,15.94,16.335,14.188,15.638,16.298,14.157,15.492,14.271,16.151,16.241,15.903,16.385,14.969,14.928,15.338,14.732,14.651,14.719,14.052,14.285,15.139,15.052,14.477,15.268,15.451,16.029,13.191,15.154,16.368,14.014,16.452,15.124,14.607,15.486,15.036,15.727,15.728,14.147,15.798,15.582,13.869,15.517,14.096,16.285,13.67,14.682,13.203,15.619,14.795,14.962,13.893,13.17,15.2,14.066,15.328,15.876,16.471,15.302,13.092,13.313,14.311,16.129,15.63,13.366,15.764,14.075,15.57,13.778,14.835,14.176,14.939,16.465,13.163,13.926,15.283,13.346,14.989,14.072,14.956,13.341,14.878,15.038,15.089,15.091,16.419,15.232,13.9,15.929,15.75,15.663,16.325,15.879,16.042,15.379,15.105,15.739,15.014,13.274,16.001,13.174,13.297,14.118,15.79,16.182,13.291,14.855,14.74,13.721,15.81,15.179,14.207,13.941,16.456,14.492,14.445,13.77,14.342,15.44,14.329,13.432,14.171,15.296,15.433,13.127,13.998,15.047,16.356,14.61,14.707,16.311,14.869,16.094,14.126,13.817,15.351,14.089,15.621,15.316,14.434,13.183,13.661,16.233,13.809,14.729,13.564,15.209,16.407,13.307,15.102,14.564,14.646,13.24,13.47,15.005,14.471,15.424,13.874,16.261,13.911,13.473,16.227,14.466,16.437,14.14,14.688,13.845,13.725,13.506,15.908,13.657,15.655,13.911,14.454,14.915,16.012,14.701,15.247,15.342,15.606
0,4.6589,4.6809,4.7484,2.1317,3.2041,2.7823,2.1281,4.368,4.9483,3.7429,3.0024,4.4414,2.8589,4.0083,2.4169,3.1207,3.5846,2.605,3.6282,2.2608,3.2447,3.8684,4.6333,4.4276,3.1573,3.4083,4.5459,3.9392,4.2668,2.6163,3.699,3.824,2.1103,3.4351,2.1858,3.1134,2.4214,2.251,3.8226,4.8291,4.9067,4.7085,3.5462,2.5802,4.2892,4.8414,2.5535,4.8557,3.3969,2.1712,4.7453,2.5229,2.1214,3.7719,3.4244,4.3054,4.8231,4.1508,4.543,2.5747,2.4966,4.9287,2.6833,3.2197,3.724,3.3449,3.7546,4.5803,2.2462,3.6656,3.6878,3.5326,3.2988,2.5248,2.4594,4.9571,2.9189,2.1752,3.0144,4.6941,3.8501,2.7183,3.5781,4.0564,3.651,3.4781,2.669,3.8433,4.9179,2.7605,2.5355,2.8239,2.7593,4.8854,4.4664,2.8137,3.5034,4.2231,2.3758,3.3661,2.299,3.7106,2.4471,3.6739,4.974,3.4532,4.4897,3.1912,3.5717,4.8878,2.5119,4.5262,3.9288,3.7886,4.4983,4.9,3.9014,2.4669,4.1696,3.0723,2.5306,2.9896,3.5271,4.777,3.137,4.801,3.373,2.7064,4.2299,2.7931,2.899,4.358,3.2307,2.115,3.5215,4.1453,4.5627,2.2528,4.5757,3.0404,3.2499,2.4374,4.3201,4.4327,3.0489,3.2909,4.0955,4.9872,2.3636,3.2835,3.6238,3.0376,2.6917,4.7732,3.9986,2.9394,4.7239,4.5393,4.0804,2.2354,2.7854,2.8319,4.9218,3.4972,4.8126,3.0278,4.7882,3.3831,2.5662,4.3278,2.3543,3.5977,3.8295,4.6882,4.1114,4.1838,2.9491,4.8062,2.9236,4.7314,2.4621,4.5884,2.5897,2.5985,2.2223,4.7634,2.4295,2.9784,2.1569,3.6411,4.8694,4.1398,3.3152,3.5165,3.2727,2.1411,4.3854,4.0838,4.4726,3.9681,3.535,4.4612,2.7258,4.6312,4.1161,3.5988,3.2608,2.6632,2.8677,3.9536,3.414,3.0948,2.4788,3.8119,4.2014,3.0182,4.7969,4.3737,3.1848,2.837,3.1461,4.1748,2.9582,2.5604,3.8101,4.5522,4.5604,3.7827,2.2137,3.007,4.7167,2.1535,2.1788,3.4581,4.2334,3.1606,2.702,4.2111,2.6228,3.4598,3.2533,2.3919,2.8053,3.7379,3.7275,4.4221,4.7048,2.6423,4.6033,3.0856,2.2838,4.1562,4.785,4.1904,2.6904,4.0661,4.041,4.2079,3.6063,3.3098,4.6733,2.9638,3.5089,2.7759,3.3325,2.6476,4.934,3.7838,4.5057,2.5048,4.5285,4.0518,3.2957,2.7423,2.5857,2.8758,3.308,2.9553,2.1479,3.5909,3.107,4.2533,3.9862,3.7642,4.3094,4.9824,4.0602,2.635,3.3282,4.0054,3.9378,3.0723,4.3519,4.6618,2.8564,3.3934,3.4056,3.1797,3.5641,4.4491,2.7445,2.8856,2.6291,2.6114,3.554,3.3567,3.3509,3.8707,3.0637,4.8639,4.9718,2.3206,2.7969,2.1997,4.5007,3.9834,4.6146,4.3971,3.4873,2.3602,4.5137,4.2198,4.7552,2.9135,3.2771,4.6438,4.1202,3.7171,2.8789,4.035,2.2686,3.9624,4.6394,3.3256,2.3085,3.8835,3.0209,2.1055,3.4918,4.0937,2.2323,4.943,2.6005,3.2075,4.2582,4.2407,2.3793,3.3436,3.4702,3.6953,4.1049,2.4045,4.8747,2.5457,2.8454,4.3162,2.8266,3.7701,2.2117,2.8123,3.0501,3.8963,4.4042,2.5131,4.1935,2.7536,2.7319,3.9198,3.4363,4.6523,3.9463,4.7673,2.8517,2.9448,4.2837,2.7119,4.48,4.5916,4.6211,4.8365,4.8186,3.0784,3.0999,3.2282,3.4284,3.6133,4.0473,3.1526,2.9309,3.8623,2.9726,3.9253,4.3909,4.482,4.3646,3.7021,2.6509,4.894,4.4122,3.8374,3.6349,4.413,4.1583,2.4338,4.2956,2.9964,2.2796,2.8925,2.3447,2.4534,4.1266,3.125,2.3379,3.8796,4.912,4.4546,3.8028,3.0553,2.2938,4.602,4.3014,4.0752,3.9588,3.649,3.7503,3.211,3.6811,2.1935,3.1688,2.2275,2.1628,4.0243,2.2025,2.9849,4.7004,4.0306,2.2725,4.0156,4.34,2.489,3.1943,4.8611,2.2877,2.5487,3.369,3.6179,4.5172,2.8952,2.3267,3.9072,3.6726,2.3145,2.4013,2.4089,3.6572,2.3727,2.4885,2.657,3.8536,3.4737,4.2473,2.6791,4.2787,4.1295,2.7704,3.7337,3.1317,2.3425,4.6715,3.1756,4.3439,4.2718,4.572,3.1068,3.3866,4.337,4.9514,3.9144,3.5444,4.1796,3.4421,4.3787,3.9956,3.2346,4.6142,3.8872,3.5583,2.3852,4.8494,4.7392,3.7992,4.7244,3.2673,3.9772,2.7209,2.9052,2.3297,2.4771,4.9629,4.4392
0,1,3,3,4,3,4,2,4,1,4,5,2,2,2,2,1,3,1,4,1,2,3,2,3,3,3,4,3,2,4,2,4,5,3,4,4,3,4,5,3,4,4,1,3,2,4,2,2,4,5,3,3,2,4,1,4,3,1,4,5,3,3,4,5,3,1,4,4,1,1,2,5,2,3,1,1,4,4,4,2,2,4,2,4,5,1,4,2,1,4,2,2,4,4,5,5,4,4,2,1,3,5,2,3,4,4,3,2,4,1,2,2,2,3,3,2,1,3,3,3,2,4,4,5,3,3,2,4,3,2,4,5,5,1,3,5,2,4,2,2,5,3,5,3,2,3,5,2,4,2,2,5,1,3,3,3,1,3,4,4,3,4,3,1,3,3,3,4,2,3,1,5,4,3,2,1,1,4,2,5,1,4,3,3,4,1,4,2,2,5,4,3,4,1,1,2,3,3,3,1,4,5,2,3,1,5,2,2,4,3,2,4,3,4,4,4,5,5,5,2,4,1,1,1,4,2,3,2,2,3,4,4,2,5,4,4,3,2,2,3,2,1,4,5,4,2,3,2,4,2,2,3,4,2,2,5,2,2,2,3,3,5,4,4,1,4,3,3,1,3,3,2,3,3,2,2,4,2,2,1,2,5,5,5,5,2,4,4,2,3,1,5,1,4,3,4,2,5,5,4,2,3,2,2,3,4,3,1,4,5,5,4,2,5,2,2,4,2,3,1,3,4,3,2,2,3,4,2,2,1,3,3,2,3,2,2,1,4,4,2,4,2,3,1,3,3,3,3,2,1,1,4,2,3,4,2,3,5,3,1,3,5,2,3,5,1,3,1,1,2,1,3,4,3,2,5,1,2,3,4,5,5,4,4,4,2,2,5,3,4,4,2,3,5,2,4,4,2,3,3,3,1,4,1,2,4,4,5,5,3,4,1,4,4,4,2,2,2,5,3,3,3,4,5,4,2,3,4,4,3,4,5,4,5,3,3,1,3,2,2,4,5,3,3,2,5,2,1,3,2,4,5,4,3,3,3,2,4,3,2,3,4,4,2,1,4,3,4,5,4,3,3,2,4,2,5,2,4,1,2,2,2,5,4,1,4,1,2,3,3,3,3,2,5,2,4,5,4,3,1
443,0.019976,0.019947,0.020011,0.017681,0.019021,0.018625,0.017691,0.0198,0.020113,0.01942,0.018843,0.019825,0.018699,0.019595,0.018165,0.018954,0.019321,0.018404,0.019377,0.017935,0.019041,0.019507,0.019974,0.019822,0.018987,0.01916,0.019921,0.019558,0.019775,0.018395,0.019373,0.019469,0.017666,0.019194,0.017781,0.01896,0.018173,0.017874,0.019463,0.020051,0.02011,0.019963,0.019268,0.018382,0.019739,0.020064,0.01834,0.020068,0.019163,0.01777,0.02003,0.018274,0.017642,0.019479,0.01922,0.019777,0.020038,0.019669,0.019881,0.018384,0.018255,0.020074,0.018481,0.019024,0.019397,0.019119,0.019411,0.019891,0.017885,0.01939,0.019377,0.019301,0.019074,0.018279,0.018194,0.0201,0.01876,0.017771,0.018854,0.020013,0.019478,0.018548,0.0193,0.01965,0.019339,0.019266,0.018474,0.019482,0.020109,0.018619,0.018297,0.018674,0.018561,0.020085,0.019885,0.018641,0.019292,0.019716,0.018121,0.019179,0.017981,0.019388,0.018227,0.019357,0.020125,0.019196,0.019878,0.019006,0.019315,0.020111,0.018263,0.019881,0.01954,0.019435,0.019881,0.020071,0.019558,0.0182,0.019687,0.018926,0.018319,0.018803,0.019256,0.020031,0.018952,0.020056,0.019146,0.018559,0.01971,0.01862,0.018736,0.019778,0.019053,0.017626,0.019296,0.0197,0.019898,0.017907,0.019931,0.018847,0.019062,0.018208,0.019799,0.019859,0.018907,0.019078,0.019648,0.020104,0.018068,0.019094,0.019316,0.018867,0.018502,0.019991,0.019617,0.018766,0.019979,0.019935,0.019636,0.017875,0.018599,0.018658,0.020088,0.019235,0.020048,0.018851,0.019998,0.019182,0.018356,0.01977,0.018071,0.019329,0.01949,0.020005,0.019668,0.019726,0.018814,0.020021,0.018734,0.019972,0.018245,0.019936,0.018413,0.018417,0.017862,0.020036,0.018168,0.018832,0.017761,0.019346,0.020097,0.019673,0.019108,0.019242,0.0191,0.0177,0.019825,0.019629,0.019846,0.019607,0.019312,0.019889,0.018572,0.019932,0.019639,0.019327,0.019095,0.018475,0.018734,0.019542,0.019197,0.018948,0.018238,0.019447,0.019741,0.018867,0.020046,0.019786,0.019015,0.018645,0.018988,0.019701,0.01879,0.01833,0.019493,0.019892,0.019922,0.019477,0.017833,0.018875,0.020022,0.017705,0.017771,0.01921,0.019751,0.019009,0.018522,0.019709,0.018427,0.019258,0.019038,0.018097,0.018648,0.019444,0.01943,0.019856,0.020019,0.018472,0.019966,0.018946,0.017963,0.019715,0.019998,0.019689,0.018528,0.019657,0.019641,0.019707,0.019318,0.019131,0.019982,0.018825,0.019234,0.018598,0.019136,0.018438,0.020078,0.019439,0.019911,0.018301,0.019873,0.019632,0.019076,0.01854,0.018358,0.01873,0.019105,0.01881,0.017723,0.019324,0.018922,0.019735,0.01961,0.019457,0.019778,0.020109,0.019623,0.018424,0.019096,0.019582,0.019568,0.018914,0.019776,0.019985,0.018685,0.019172,0.019181,0.019026,0.019318,0.019829,0.018578,0.018722,0.018417,0.018386,0.019319,0.019128,0.019163,0.019495,0.018898,0.020041,0.020133,0.018026,0.018639,0.017798,0.019852,0.019608,0.019938,0.019851,0.01922,0.018072,0.019891,0.019701,0.019983,0.018762,0.019066,0.019927,0.019677,0.019396,0.018725,0.019588,0.017899,0.019548,0.019923,0.019117,0.017985,0.019508,0.018857,0.017637,0.01925,0.019663,0.017871,0.020098,0.018394,0.019029,0.019736,0.019722,0.018075,0.019167,0.019226,0.019366,0.019671,0.018106,0.020065,0.018332,0.018668,0.019773,0.018644,0.019427,0.017839,0.018627,0.018869,0.019545,0.019813,0.018298,0.01968,0.018602,0.018558,0.019574,0.019192,0.019959,0.019555,0.020036,0.018719,0.018775,0.019774,0.018523,0.019847,0.019897,0.019933,0.020088,0.020075,0.018918,0.018905,0.019025,0.01923,0.019319,0.019635,0.018961,0.018787,0.019504,0.018821,0.019542,0.019789,0.019903,0.019822,0.01939,0.018489,0.020077,0.019845,0.019486,0.019382,0.01983,0.019682,0.018171,0.01976,0.018804,0.017933,0.018746,0.018025,0.018187,0.019652,0.018924,0.018015,0.019493,0.020079,0.019848,0.019449,0.018883,0.017992,0.01991,0.019803,0.019668,0.019579,0.019344,0.019406,0.019056,0.019383,0.017796,0.01901,0.017837,0.017734,0.019618,0.017826,0.018792,0.01999,0.019617,0.017948,0.01961,0.019779,0.018261,0.019039,0.020077,0.017945,0.018321,0.019189,0.019356,0.019883,0.018705,0.018019,0.019535,0.019351,0.017995,0.018107,0.018152,0.019387,0.018077,0.018265,0.018454,0.019489,0.019242,0.019772,0.018516,0.01973,0.01969,0.0186,0.019445,0.018949,0.018014,0.02,0.01899,0.019797,0.019755,0.019949,0.018961,0.019165,0.019795,0.020097,0.019557,0.019261,0.019717,0.019238,0.019786,0.019595,0.019017,0.019952,0.019523,0.019317,0.018125,0.020086,0.019983,0.019487,0.01998,0.01909,0.019584,0.018541,0.018721,0.018022,0.018229,0.020104,0.01983
490,0.023552,0.023317,0.023543,0.020672,0.022322,0.021889,0.020763,0.023235,0.02368,0.022773,0.022124,0.023192,0.021944,0.023007,0.021337,0.022266,0.022702,0.021558,0.022888,0.02111,0.022274,0.022902,0.023596,0.023214,0.022307,0.022353,0.023499,0.02299,0.023357,0.021434,0.022625,0.022808,0.020775,0.022468,0.020804,0.022332,0.021349,0.020822,0.022778,0.023585,0.023754,0.023342,0.022511,0.02158,0.023076,0.023634,0.021487,0.023627,0.022421,0.020862,0.02366,0.021281,0.020524,0.023029,0.022657,0.023265,0.023522,0.023045,0.023265,0.021623,0.021341,0.023484,0.021568,0.022273,0.022695,0.022353,0.022675,0.023228,0.02093,0.022841,0.022695,0.022761,0.022254,0.021297,0.021216,0.023579,0.022014,0.020836,0.022135,0.023677,0.02278,0.021774,0.0226,0.023195,0.022584,0.022739,0.021604,0.022824,0.02372,0.021964,0.021342,0.021967,0.021627,0.023655,0.023488,0.021828,0.022802,0.023124,0.021357,0.022627,0.02109,0.022682,0.021493,0.022612,0.023687,0.022407,0.023388,0.022279,0.02271,0.0238,0.02129,0.023312,0.022916,0.022714,0.023382,0.023537,0.023103,0.021204,0.023101,0.022306,0.021507,0.021938,0.022508,0.023591,0.022183,0.023681,0.022408,0.021898,0.023065,0.021805,0.021967,0.023129,0.022402,0.02049,0.022767,0.023243,0.023317,0.02101,0.023489,0.021967,0.022383,0.021446,0.023356,0.023421,0.022294,0.022313,0.023073,0.023529,0.02113,0.022441,0.022532,0.02211,0.021645,0.023354,0.023163,0.021953,0.023402,0.023598,0.023046,0.020956,0.021717,0.021834,0.023586,0.022491,0.023608,0.022057,0.02336,0.022585,0.021506,0.023164,0.021216,0.022703,0.022921,0.023648,0.023147,0.023291,0.022192,0.023457,0.021832,0.023345,0.021502,0.023485,0.021703,0.021676,0.02098,0.023651,0.021265,0.022166,0.020925,0.022662,0.023761,0.023101,0.022403,0.022461,0.022516,0.020707,0.023344,0.022995,0.023241,0.023192,0.022812,0.023522,0.021871,0.023351,0.022958,0.022693,0.022533,0.021648,0.022105,0.022851,0.022565,0.022339,0.021358,0.022709,0.023331,0.022194,0.023631,0.023136,0.02236,0.021727,0.022361,0.02317,0.022008,0.021383,0.022993,0.023313,0.023471,0.022984,0.020884,0.022287,0.023675,0.02062,0.020804,0.022479,0.023302,0.022424,0.021708,0.023114,0.021591,0.022758,0.022219,0.021103,0.021911,0.022929,0.022884,0.023432,0.02369,0.021748,0.023624,0.022363,0.021097,0.023303,0.023366,0.02305,0.021806,0.023208,0.023188,0.023114,0.022609,0.022554,0.023547,0.022191,0.022434,0.021764,0.022499,0.021511,0.023494,0.022754,0.023542,0.021559,0.023257,0.023106,0.022282,0.021589,0.021397,0.022045,0.022411,0.02214,0.020782,0.022696,0.022131,0.023153,0.023159,0.022927,0.023264,0.023574,0.023025,0.021502,0.022272,0.02294,0.023056,0.022232,0.023133,0.023596,0.021875,0.022488,0.022496,0.022447,0.022754,0.023197,0.021813,0.021951,0.021494,0.021408,0.022794,0.022357,0.022589,0.022822,0.02218,0.023436,0.023743,0.021194,0.021898,0.020786,0.023195,0.023154,0.023433,0.023461,0.022433,0.021183,0.023407,0.023042,0.02335,0.022052,0.022295,0.023285,0.023177,0.02271,0.022,0.022886,0.020829,0.022859,0.023272,0.022417,0.021042,0.022861,0.022119,0.020643,0.022602,0.02317,0.020958,0.023601,0.021528,0.022353,0.023146,0.023112,0.021059,0.022641,0.022533,0.022596,0.023183,0.021061,0.023562,0.021491,0.021823,0.023212,0.021773,0.022727,0.02093,0.021747,0.022059,0.023042,0.023217,0.021494,0.022986,0.021903,0.021759,0.023141,0.02245,0.023463,0.022953,0.023644,0.022092,0.021978,0.023305,0.021661,0.023226,0.023232,0.023384,0.023787,0.023748,0.022232,0.022056,0.022246,0.022702,0.022592,0.023133,0.022173,0.022121,0.022902,0.022125,0.022939,0.023102,0.02355,0.023377,0.022721,0.021794,0.02359,0.023392,0.022869,0.022891,0.023297,0.023101,0.021253,0.023192,0.021908,0.020954,0.022059,0.021006,0.021218,0.023007,0.022062,0.020999,0.02278,0.023555,0.023298,0.022752,0.022127,0.021193,0.023291,0.023426,0.023248,0.023061,0.02262,0.022661,0.022495,0.022752,0.020829,0.022399,0.020789,0.020717,0.0231,0.020933,0.021891,0.023529,0.023077,0.021096,0.023078,0.023182,0.021429,0.02246,0.023668,0.020963,0.021407,0.022674,0.022798,0.023346,0.021794,0.02111,0.022952,0.022583,0.021059,0.021092,0.021313,0.022853,0.021117,0.021454,0.021551,0.02284,0.022618,0.023387,0.021799,0.023051,0.023226,0.021807,0.022948,0.02219,0.020954,0.023656,0.022249,0.023287,0.023227,0.0236,0.022361,0.022472,0.023293,0.023573,0.023056,0.022478,0.02325,0.022702,0.02312,0.023048,0.022166,0.023517,0.022939,0.022764,0.021315,0.023743,0.023388,0.022991,0.023408,0.02248,0.023036,0.021718,0.021842,0.021106,0.02131,0.02359,0.02323
560,0.15413,0.14284,0.15141,0.12938,0.14289,0.14217,0.1337,0.14709,0.15284,0.14423,0.14238,0.14324,0.14082,0.14678,0.13821,0.14375,0.14624,0.13664,0.15354,0.13893,0.13911,0.14618,0.15693,0.14457,0.1441,0.13661,0.15463,0.1481,0.15565,0.13054,0.13898,0.14326,0.13578,0.14078,0.13087,0.14716,0.13846,0.12678,0.14197,0.15136,0.15738,0.1433,0.13885,0.13912,0.14205,0.15333,0.13646,0.15264,0.14002,0.13466,0.15703,0.12914,0.12383,0.15536,0.14995,0.15018,0.14861,0.14441,0.14393,0.14141,0.13331,0.14438,0.13282,0.14,0.14132,0.13885,0.13944,0.14135,0.13186,0.14995,0.14246,0.15085,0.13617,0.12973,0.1301,0.14797,0.14119,0.13316,0.14233,0.15922,0.14121,0.14023,0.14179,0.15415,0.13866,0.1518,0.13519,0.14341,0.15548,0.14684,0.13105,0.14364,0.13156,0.15324,0.15628,0.1378,0.15393,0.14598,0.14196,0.15074,0.13515,0.14116,0.14345,0.13919,0.15254,0.13743,0.1509,0.14145,0.14706,0.16006,0.13017,0.14645,0.14497,0.14015,0.15038,0.14746,0.15463,0.1291,0.14641,0.14773,0.13873,0.13458,0.13938,0.15292,0.13928,0.15657,0.14032,0.14669,0.14311,0.13778,0.13997,0.14259,0.1455,0.12287,0.15154,0.15379,0.14576,0.13496,0.15335,0.13368,0.14383,0.14186,0.15406,0.15398,0.14825,0.13909,0.14726,0.14503,0.13242,0.14521,0.13727,0.14018,0.1358,0.14226,0.15441,0.13746,0.1456,0.15959,0.14646,0.13382,0.13422,0.13716,0.14914,0.13962,0.15281,0.1382,0.14218,0.14807,0.13656,0.14497,0.13692,0.14584,0.14828,0.15795,0.15021,0.15492,0.14807,0.14607,0.13282,0.14285,0.14285,0.15282,0.14427,0.14243,0.13595,0.15611,0.13414,0.14545,0.13871,0.14247,0.15866,0.14726,0.14223,0.13764,0.14919,0.13017,0.15166,0.14402,0.1446,0.15678,0.15323,0.15806,0.14435,0.14556,0.14146,0.14533,0.15046,0.13748,0.14796,0.1413,0.146,0.14831,0.13515,0.13922,0.15631,0.14493,0.15429,0.14248,0.14541,0.13218,0.14712,0.14946,0.1391,0.13142,0.15231,0.14583,0.15293,0.1528,0.13228,0.14986,0.15852,0.12539,0.13143,0.14046,0.15399,0.14947,0.13808,0.14583,0.13716,0.15341,0.13633,0.1294,0.14198,0.15169,0.14987,0.15481,0.15953,0.14328,0.15906,0.14986,0.13659,0.15634,0.14252,0.14353,0.14323,0.15449,0.15431,0.14592,0.14126,0.14951,0.15353,0.1473,0.13672,0.13678,0.146,0.13225,0.14474,0.14207,0.15778,0.14277,0.14391,0.15006,0.13754,0.13075,0.13063,0.14471,0.1429,0.14532,0.13293,0.14575,0.13818,0.14647,0.15462,0.15068,0.15001,0.14719,0.14606,0.1325,0.13591,0.14378,0.1512,0.14427,0.14291,0.15613,0.13783,0.14321,0.14311,0.14976,0.14941,0.14324,0.14064,0.13988,0.13248,0.1297,0.15167,0.13863,0.14953,0.14247,0.14226,0.14378,0.15523,0.13834,0.14181,0.12903,0.14187,0.15448,0.14971,0.15694,0.13739,0.13504,0.15114,0.14239,0.14253,0.14319,0.13878,0.14231,0.15139,0.14221,0.14243,0.14053,0.12585,0.14141,0.14186,0.14247,0.13231,0.14387,0.14134,0.13026,0.14487,0.15185,0.13418,0.14935,0.13556,0.14417,0.14599,0.14496,0.12831,0.15232,0.14248,0.1378,0.15212,0.1268,0.14919,0.13707,0.13603,0.14747,0.13471,0.14131,0.1345,0.13424,0.13735,0.15189,0.14531,0.13922,0.14058,0.14432,0.13884,0.1559,0.13993,0.15014,0.14615,0.15568,0.14812,0.13833,0.15266,0.13547,0.14379,0.14126,0.1473,0.16076,0.15934,0.14401,0.13514,0.13847,0.15192,0.14027,0.1515,0.13821,0.14555,0.14639,0.14381,0.14616,0.14052,0.15887,0.15383,0.14319,0.1449,0.14998,0.15319,0.14562,0.15343,0.14872,0.14676,0.13331,0.14708,0.13298,0.13047,0.14452,0.12828,0.13052,0.14337,0.13442,0.12841,0.14032,0.14796,0.14768,0.14143,0.14019,0.14027,0.14363,0.15799,0.15615,0.1508,0.14035,0.13898,0.15072,0.1453,0.13138,0.14795,0.1271,0.12885,0.15064,0.13536,0.13272,0.152,0.14935,0.13737,0.14984,0.14545,0.13773,0.14978,0.15443,0.1303,0.13315,0.15289,0.14956,0.14824,0.13242,0.13409,0.1473,0.13795,0.13268,0.12832,0.13766,0.15082,0.13127,0.13893,0.13349,0.14383,0.14627,0.15768,0.14353,0.14119,0.15341,0.139,0.15272,0.13983,0.12618,0.15879,0.1407,0.15014,0.14938,0.15878,0.14884,0.1427,0.15062,0.14787,0.15195,0.13747,0.15307,0.1514,0.14163,0.14906,0.13468,0.15364,0.1473,0.15005,0.13935,0.15829,0.14461,0.15257,0.14585,0.14767,0.14904,0.13756,0.13409,0.1337,0.13314,0.14834,0.145
665,0.061235,0.053477,0.05921,0.050502,0.055671,0.056465,0.05369,0.056623,0.060014,0.055516,0.055864,0.053967,0.055219,0.05687,0.05523,0.056496,0.057188,0.053204,0.062411,0.056727,0.052969,0.056657,0.063308,0.05486,0.056648,0.050995,0.061729,0.057889,0.062852,0.048994,0.052068,0.054732,0.055402,0.053706,0.051226,0.058988,0.055388,0.048015,0.053863,0.059092,0.063327,0.053752,0.052222,0.055086,0.053337,0.060465,0.053298,0.059963,0.053273,0.054097,0.063253,0.048407,0.046715,0.063484,0.060206,0.058845,0.057193,0.055065,0.05432,0.056798,0.051336,0.054272,0.05028,0.053635,0.053575,0.052591,0.05229,0.052604,0.051575,0.059689,0.054396,0.060622,0.050911,0.048789,0.0493,0.056641,0.055277,0.052957,0.055792,0.06494,0.053321,0.055311,0.054133,0.062063,0.051932,0.061453,0.051942,0.054802,0.061932,0.060039,0.04963,0.057384,0.049199,0.060361,0.063041,0.053244,0.062996,0.056043,0.058311,0.060942,0.053645,0.053489,0.059028,0.052243,0.059778,0.051446,0.059134,0.054698,0.057796,0.065343,0.049135,0.05602,0.055738,0.052705,0.058755,0.056342,0.062685,0.048594,0.056399,0.059538,0.05503,0.050552,0.052606,0.060246,0.053341,0.062852,0.05352,0.060168,0.054101,0.053301,0.05448,0.053622,0.057456,0.046109,0.061157,0.061661,0.05552,0.053783,0.060771,0.049841,0.056218,0.057862,0.061605,0.0614,0.060008,0.052859,0.057082,0.054655,0.051334,0.057113,0.05107,0.054216,0.052281,0.053024,0.06235,0.052618,0.055258,0.06542,0.056548,0.053053,0.05089,0.052744,0.057467,0.052819,0.06013,0.052878,0.052959,0.058931,0.053314,0.055232,0.054628,0.056884,0.058193,0.063999,0.059129,0.062438,0.060214,0.055497,0.049569,0.053442,0.058482,0.06038,0.058879,0.057448,0.054718,0.062557,0.05222,0.05816,0.057312,0.054485,0.064317,0.057021,0.054946,0.051476,0.060033,0.051003,0.059793,0.054882,0.054835,0.06418,0.06239,0.064372,0.058304,0.055315,0.053142,0.056522,0.061011,0.053562,0.060449,0.05324,0.057374,0.059899,0.052701,0.052065,0.063439,0.057651,0.0612,0.05353,0.057513,0.049384,0.058866,0.05851,0.053694,0.049785,0.061131,0.055572,0.060488,0.061547,0.052072,0.061368,0.064391,0.047592,0.051676,0.053453,0.061682,0.060569,0.05384,0.055951,0.053498,0.062712,0.051103,0.049115,0.056236,0.060813,0.059512,0.062019,0.065165,0.057876,0.06494,0.061096,0.0548,0.06353,0.05318,0.054429,0.057623,0.062303,0.062209,0.05602,0.053722,0.060169,0.060789,0.059586,0.05089,0.052663,0.057563,0.05002,0.054501,0.053985,0.064108,0.058177,0.054322,0.05911,0.051815,0.048724,0.049161,0.057974,0.055426,0.058145,0.052975,0.056833,0.052666,0.056337,0.062526,0.060029,0.058722,0.056089,0.056302,0.050237,0.050684,0.054825,0.060104,0.05701,0.053836,0.06269,0.053128,0.055459,0.055361,0.060725,0.0595,0.053957,0.055498,0.054461,0.050245,0.048458,0.061178,0.052419,0.060083,0.054131,0.055598,0.053931,0.061696,0.055885,0.056145,0.049842,0.053011,0.06243,0.058157,0.063623,0.051366,0.05322,0.059273,0.05364,0.05321,0.056733,0.052681,0.053162,0.059956,0.054182,0.056298,0.052631,0.047305,0.053298,0.052878,0.055089,0.051542,0.055054,0.055071,0.051311,0.056413,0.060332,0.053336,0.057591,0.052464,0.056562,0.056006,0.055328,0.048439,0.062189,0.054797,0.051305,0.060508,0.047332,0.057543,0.053768,0.051927,0.056945,0.051091,0.053501,0.053709,0.050818,0.052247,0.06067,0.055382,0.055478,0.052484,0.058166,0.05426,0.063604,0.053134,0.058418,0.05652,0.062234,0.060635,0.053198,0.060645,0.051978,0.054286,0.052535,0.056498,0.065935,0.064879,0.056804,0.050654,0.052581,0.061662,0.053053,0.060143,0.052576,0.058399,0.056813,0.056982,0.056561,0.052244,0.064953,0.061378,0.054872,0.059059,0.058071,0.060859,0.056319,0.062313,0.0577,0.056651,0.05162,0.056705,0.049491,0.050403,0.057776,0.048577,0.049607,0.054399,0.050125,0.048692,0.052691,0.056673,0.05693,0.05353,0.054178,0.057531,0.054065,0.064549,0.063524,0.059785,0.053046,0.051994,0.061353,0.056354,0.051543,0.059411,0.048351,0.049934,0.059563,0.054408,0.04935,0.05967,0.058636,0.055462,0.059008,0.055542,0.054508,0.060698,0.061232,0.050241,0.051002,0.062548,0.059501,0.057248,0.049381,0.052716,0.057382,0.051435,0.051772,0.048346,0.054864,0.060339,0.050487,0.055388,0.050827,0.055072,0.057435,0.064398,0.057898,0.052792,0.06141,0.054234,0.061585,0.053727,0.047184,0.064646,0.054219,0.058772,0.058324,0.064769,0.06026,0.055118,0.059119,0.056574,0.060689,0.051321,0.061085,0.061238,0.052976,0.058484,0.050068,0.060939,0.057414,0.059979,0.056256,0.064063,0.054584,0.061344,0.055421,0.05893,0.058493,0.053403,0.050451,0.052418,0.051299,0.056882,0.055134
705,0.21259,0.19979,0.20964,0.17595,0.19682,0.19421,0.18057,0.20423,0.21148,0.19986,0.19547,0.19996,0.19311,0.20329,0.1877,0.19746,0.20173,0.18718,0.20996,0.18729,0.19272,0.20233,0.21569,0.20146,0.19799,0.1904,0.213,0.20464,0.21371,0.18049,0.19381,0.19895,0.18262,0.19518,0.17801,0.2012,0.188,0.17405,0.19747,0.20967,0.21654,0.20035,0.1933,0.18975,0.19837,0.21191,0.18668,0.21115,0.19422,0.18197,0.21596,0.17842,0.16982,0.21236,0.20539,0.20764,0.20654,0.20086,0.20088,0.19221,0.18288,0.20182,0.18338,0.19365,0.19652,0.19275,0.19446,0.19796,0.17957,0.20609,0.19773,0.20672,0.18958,0.17908,0.17911,0.20596,0.19379,0.18039,0.19547,0.21833,0.19667,0.19175,0.19671,0.21165,0.19334,0.20761,0.18593,0.19915,0.21442,0.19919,0.18061,0.19604,0.18234,0.21186,0.21473,0.18955,0.21003,0.20276,0.19143,0.20608,0.18353,0.19631,0.19355,0.19399,0.21117,0.19144,0.20873,0.19517,0.20261,0.21952,0.1795,0.20373,0.20109,0.19533,0.20815,0.20531,0.21185,0.17804,0.20316,0.20166,0.18901,0.18672,0.19385,0.21138,0.19255,0.21551,0.19449,0.19872,0.1995,0.18943,0.19235,0.1991,0.19982,0.16872,0.20745,0.21141,0.20299,0.18296,0.2116,0.1859,0.19803,0.19178,0.21202,0.2121,0.20214,0.19285,0.20399,0.20263,0.18103,0.19967,0.19169,0.19317,0.18673,0.19923,0.21182,0.18974,0.203,0.21853,0.20306,0.1816,0.18544,0.18893,0.20725,0.19405,0.2113,0.19092,0.19915,0.20318,0.18687,0.20176,0.18586,0.20131,0.20461,0.21691,0.20734,0.21275,0.20148,0.20363,0.18448,0.19986,0.19302,0.21103,0.19539,0.19347,0.18378,0.21495,0.18336,0.19875,0.18615,0.19764,0.21793,0.20407,0.19645,0.19185,0.20404,0.17688,0.20943,0.20029,0.20155,0.21438,0.20936,0.21671,0.19629,0.20284,0.19743,0.20074,0.2054,0.18843,0.20097,0.19697,0.20098,0.20239,0.18478,0.19432,0.21433,0.19835,0.21294,0.19899,0.19955,0.18339,0.20129,0.20661,0.19165,0.18117,0.20906,0.20305,0.21111,0.20955,0.17977,0.2037,0.21759,0.17179,0.17856,0.19489,0.2118,0.20394,0.1893,0.20257,0.18785,0.20933,0.18961,0.1779,0.19412,0.2082,0.20615,0.21302,0.2187,0.19465,0.21804,0.20405,0.18496,0.21427,0.19953,0.19992,0.19488,0.21205,0.2118,0.20267,0.19618,0.20452,0.21193,0.20072,0.19078,0.18824,0.20072,0.18255,0.20223,0.1975,0.21647,0.19322,0.20084,0.20707,0.19112,0.18135,0.18042,0.19746,0.19718,0.19851,0.17992,0.2012,0.19121,0.20336,0.21202,0.20714,0.20745,0.20509,0.20257,0.18277,0.18937,0.19989,0.20811,0.19785,0.19945,0.21484,0.18979,0.1978,0.19772,0.20432,0.20521,0.19997,0.19234,0.19219,0.18272,0.17953,0.20768,0.19253,0.20469,0.19814,0.19559,0.20106,0.2142,0.18713,0.19389,0.17613,0.19846,0.21187,0.20754,0.21536,0.19149,0.18386,0.20903,0.19867,0.19951,0.19598,0.19246,0.19913,0.20868,0.19751,0.19497,0.19623,0.17315,0.19711,0.19861,0.19675,0.18052,0.19975,0.19439,0.17668,0.19995,0.20915,0.18196,0.20751,0.18597,0.19825,0.20283,0.20163,0.17662,0.20774,0.1972,0.19245,0.20948,0.17511,0.20726,0.1873,0.18774,0.20459,0.18618,0.19661,0.18214,0.18558,0.19006,0.20879,0.20227,0.18944,0.19655,0.19641,0.19029,0.2133,0.19423,0.20808,0.20245,0.21446,0.20106,0.19073,0.21039,0.18646,0.20063,0.19787,0.20482,0.22024,0.21862,0.19759,0.18776,0.19196,0.20758,0.19508,0.20867,0.1914,0.19865,0.20255,0.19692,0.20243,0.19677,0.21764,0.21183,0.19859,0.19645,0.20818,0.21119,0.20163,0.20986,0.20616,0.20353,0.18248,0.20412,0.18495,0.1783,0.19734,0.17636,0.17953,0.19964,0.18703,0.17645,0.19571,0.2059,0.20503,0.19682,0.19326,0.18898,0.2006,0.21637,0.21391,0.20772,0.19525,0.19392,0.2055,0.20092,0.17862,0.20229,0.17423,0.17564,0.20766,0.18298,0.18461,0.21024,0.20623,0.18572,0.20675,0.20233,0.18767,0.20441,0.21317,0.17818,0.18301,0.20845,0.20553,0.20575,0.18391,0.18259,0.20368,0.19257,0.18096,0.17677,0.18704,0.20703,0.17984,0.18897,0.18399,0.19965,0.20145,0.21593,0.19514,0.19738,0.21097,0.19067,0.20934,0.19314,0.17402,0.21782,0.19428,0.20766,0.20668,0.21768,0.20302,0.1972,0.20819,0.20583,0.2089,0.19172,0.21067,0.20705,0.19803,0.20583,0.18769,0.21198,0.20364,0.20591,0.1887,0.21749,0.20188,0.20933,0.20328,0.20235,0.20577,0.18883,0.18583,0.18218,0.18257,0.20638,0.20196
740,0.36513,0.36289,0.36557,0.29125,0.3367,0.32323,0.29176,0.36004,0.36795,0.34938,0.3307,0.36013,0.3257,0.35464,0.30744,0.33452,0.34658,0.31539,0.34891,0.29985,0.33703,0.35212,0.36541,0.36026,0.33563,0.3406,0.3639,0.35376,0.36041,0.31468,0.34739,0.3507,0.29107,0.34212,0.29451,0.33494,0.30769,0.29725,0.35039,0.36642,0.36848,0.36331,0.34421,0.31481,0.35784,0.36697,0.31321,0.36697,0.34106,0.29434,0.3667,0.31053,0.28968,0.35214,0.34368,0.35985,0.36575,0.35637,0.36155,0.31498,0.31018,0.36586,0.31777,0.33655,0.34839,0.33954,0.34857,0.36139,0.29791,0.349,0.34793,0.34634,0.33782,0.31073,0.30793,0.36697,0.32779,0.29432,0.33107,0.36656,0.35073,0.3205,0.34552,0.35692,0.34636,0.34528,0.31767,0.35108,0.36821,0.32324,0.31144,0.32499,0.32036,0.3674,0.36324,0.32355,0.34625,0.35779,0.3061,0.34241,0.30119,0.3481,0.30971,0.34694,0.36814,0.34182,0.36243,0.33606,0.34646,0.36882,0.31026,0.36192,0.35293,0.34937,0.36243,0.36628,0.35439,0.30807,0.35709,0.33383,0.31264,0.32876,0.34391,0.3662,0.33412,0.36721,0.34054,0.32117,0.35725,0.32281,0.3269,0.3589,0.33793,0.28914,0.34622,0.35825,0.3622,0.29878,0.364,0.33013,0.33812,0.309,0.36085,0.36234,0.33322,0.33823,0.35614,0.36658,0.3039,0.33927,0.3455,0.33137,0.31867,0.36376,0.35602,0.32774,0.36401,0.3648,0.35574,0.29768,0.32184,0.32407,0.36688,0.34329,0.36656,0.33068,0.3639,0.34233,0.31377,0.35903,0.30423,0.34678,0.35185,0.36624,0.35701,0.35905,0.33003,0.365,0.32629,0.36345,0.3103,0.36404,0.31609,0.31615,0.29733,0.36671,0.30732,0.33051,0.29418,0.34699,0.36836,0.35682,0.3395,0.34329,0.33973,0.29191,0.36124,0.35526,0.36084,0.35596,0.34684,0.36352,0.32152,0.36296,0.35519,0.34669,0.33965,0.31787,0.32728,0.35255,0.34267,0.33461,0.30973,0.34959,0.35959,0.33167,0.3667,0.35908,0.33665,0.32325,0.33588,0.35782,0.32867,0.31256,0.35228,0.36209,0.36372,0.35186,0.29626,0.3322,0.36668,0.29177,0.29422,0.34258,0.3596,0.33672,0.31949,0.35758,0.31621,0.34515,0.33668,0.3047,0.32403,0.35078,0.35023,0.36237,0.36674,0.31807,0.36547,0.33461,0.30066,0.35891,0.36395,0.35677,0.31997,0.35714,0.3567,0.35755,0.34601,0.34076,0.36517,0.33037,0.34292,0.322,0.34068,0.31627,0.36599,0.3497,0.36403,0.3122,0.36137,0.35603,0.33803,0.31958,0.31346,0.32698,0.33944,0.32974,0.29276,0.34661,0.33303,0.35832,0.35585,0.3511,0.35987,0.36703,0.35533,0.31582,0.3385,0.35395,0.35436,0.3332,0.35889,0.36558,0.32504,0.34163,0.3419,0.33731,0.34676,0.36023,0.32157,0.32643,0.31558,0.31432,0.34696,0.33979,0.3418,0.35137,0.33256,0.36507,0.36869,0.30281,0.32369,0.29494,0.36056,0.35578,0.36369,0.36246,0.34259,0.3042,0.36278,0.35694,0.36363,0.32798,0.33781,0.36235,0.35738,0.34845,0.32668,0.35371,0.29798,0.35272,0.36219,0.33981,0.30118,0.3519,0.33108,0.2899,0.34426,0.35706,0.29757,0.36714,0.31501,0.33704,0.35829,0.35782,0.30389,0.34213,0.34328,0.34705,0.35729,0.30479,0.36642,0.31299,0.32431,0.35942,0.3234,0.34927,0.29653,0.3228,0.33118,0.35377,0.36012,0.31196,0.35614,0.32255,0.32076,0.35495,0.34197,0.36422,0.35347,0.36667,0.32675,0.32809,0.36006,0.31937,0.36074,0.3615,0.36323,0.36843,0.36796,0.33333,0.3322,0.33647,0.34414,0.34594,0.35625,0.33434,0.32899,0.35205,0.33003,0.35312,0.35885,0.36394,0.36141,0.34837,0.31869,0.36679,0.36191,0.35144,0.34903,0.36099,0.357,0.30736,0.35905,0.32864,0.29939,0.32752,0.30223,0.30774,0.35578,0.33277,0.30192,0.35105,0.36652,0.36129,0.34991,0.33191,0.30176,0.36218,0.36135,0.35761,0.35464,0.34669,0.34839,0.33835,0.34839,0.29501,0.33668,0.29608,0.2929,0.3557,0.29617,0.32823,0.36516,0.35554,0.3002,0.3554,0.3593,0.31064,0.33772,0.3674,0.29977,0.3124,0.34287,0.34794,0.3622,0.32527,0.30239,0.35304,0.34664,0.30154,0.30493,0.30697,0.349,0.30413,0.31083,0.31688,0.35136,0.34412,0.36052,0.31958,0.3575,0.35793,0.32222,0.3509,0.33407,0.30172,0.36622,0.33548,0.36037,0.35921,0.36504,0.33505,0.34136,0.36037,0.36689,0.3541,0.34386,0.35862,0.34437,0.35895,0.35491,0.33583,0.36451,0.35269,0.34676,0.30613,0.36807,0.36395,0.35213,0.36407,0.33931,0.3546,0.32011,0.32595,0.30247,0.30929,0.3671,0.3605
783,0.38257,0.38273,0.38372,0.30289,0.352,0.33671,0.3027,0.37824,0.38619,0.36641,0.3452,0.37933,0.33979,0.37197,0.31955,0.34931,0.36269,0.32887,0.36383,0.31087,0.35322,0.36916,0.38225,0.37914,0.35051,0.35796,0.381,0.37063,0.3767,0.32933,0.36535,0.36818,0.30157,0.35874,0.3063,0.34909,0.31979,0.31019,0.36814,0.38474,0.38575,0.3831,0.36164,0.32772,0.37692,0.38491,0.32643,0.38508,0.35768,0.30543,0.38374,0.32487,0.30219,0.36717,0.35854,0.37728,0.38463,0.37458,0.38084,0.32748,0.3236,0.38586,0.33239,0.35245,0.36595,0.35619,0.36662,0.38133,0.30995,0.36469,0.36513,0.36142,0.35482,0.32497,0.32169,0.38624,0.34212,0.30566,0.34563,0.38309,0.36872,0.33398,0.36248,0.37296,0.36422,0.36001,0.33177,0.3686,0.38586,0.33584,0.3255,0.33842,0.33565,0.38545,0.37985,0.33795,0.36069,0.37586,0.31738,0.35692,0.31305,0.36564,0.32118,0.36477,0.38649,0.3592,0.38014,0.35157,0.36237,0.38555,0.32433,0.38062,0.37038,0.36738,0.38026,0.38556,0.36993,0.32206,0.37494,0.34771,0.32533,0.34466,0.36116,0.3841,0.3498,0.38444,0.35701,0.33353,0.37594,0.33711,0.34135,0.37803,0.35285,0.30176,0.36114,0.37458,0.38114,0.31037,0.38141,0.34646,0.35343,0.32066,0.37756,0.37932,0.3469,0.35461,0.37361,0.38655,0.31664,0.35446,0.36355,0.34643,0.33278,0.38393,0.37186,0.34285,0.38333,0.38095,0.37333,0.30933,0.33676,0.33869,0.38584,0.36039,0.38455,0.34607,0.38412,0.35738,0.32704,0.37758,0.31617,0.36301,0.36836,0.383,0.37394,0.37527,0.34331,0.38439,0.34221,0.3834,0.32194,0.38158,0.32822,0.32862,0.30856,0.38396,0.32018,0.34437,0.30457,0.36403,0.38531,0.37442,0.35537,0.36087,0.35417,0.3035,0.37857,0.37336,0.37982,0.37129,0.36151,0.37979,0.33435,0.38209,0.37392,0.36303,0.35382,0.33153,0.3402,0.37084,0.35822,0.34848,0.32272,0.36788,0.37559,0.34579,0.38437,0.37828,0.35141,0.33884,0.35017,0.37506,0.34356,0.32671,0.36798,0.38099,0.38119,0.36738,0.30801,0.34544,0.38338,0.30424,0.30587,0.35936,0.37612,0.35067,0.33326,0.37565,0.3297,0.35954,0.35345,0.31814,0.33765,0.36638,0.36612,0.37917,0.38323,0.33064,0.38185,0.34818,0.31219,0.3748,0.38408,0.37527,0.3328,0.37315,0.37267,0.3756,0.36317,0.35528,0.38275,0.34385,0.36066,0.33639,0.35591,0.33078,0.38593,0.3673,0.38045,0.3241,0.38063,0.37283,0.35474,0.33492,0.32791,0.34049,0.35516,0.34352,0.30395,0.36284,0.34879,0.37637,0.37162,0.36695,0.37734,0.38652,0.37295,0.33021,0.35568,0.37188,0.37063,0.34768,0.37794,0.38263,0.33966,0.35762,0.35796,0.35129,0.36221,0.37945,0.33511,0.34083,0.32994,0.3291,0.36197,0.35653,0.35648,0.36916,0.34736,0.38508,0.38649,0.31431,0.33731,0.30713,0.3802,0.37157,0.38191,0.3788,0.3601,0.31647,0.3805,0.37576,0.3837,0.34193,0.3542,0.38222,0.37411,0.3658,0.34059,0.37241,0.31121,0.37101,0.38216,0.35568,0.31357,0.36945,0.34586,0.30121,0.3603,0.37363,0.30915,0.38609,0.32865,0.35211,0.37645,0.37614,0.31745,0.35629,0.3597,0.36525,0.37384,0.31879,0.38527,0.32606,0.33921,0.37742,0.33845,0.36699,0.30791,0.33786,0.34684,0.36979,0.37879,0.32448,0.37528,0.33553,0.33456,0.37031,0.35877,0.38243,0.37075,0.38401,0.33957,0.34306,0.37695,0.33366,0.37992,0.38149,0.38197,0.38493,0.38469,0.34788,0.34852,0.3527,0.35867,0.36333,0.37277,0.3503,0.34261,0.36903,0.34414,0.37033,0.37852,0.38011,0.37826,0.36547,0.33105,0.38552,0.379,0.3685,0.36399,0.37896,0.37474,0.32039,0.37708,0.34489,0.3119,0.34114,0.31556,0.32138,0.37414,0.34935,0.31518,0.36932,0.38571,0.37958,0.3677,0.34705,0.3128,0.38166,0.37729,0.37333,0.37105,0.36419,0.36652,0.35229,0.365,0.30677,0.35092,0.3088,0.30485,0.37232,0.30736,0.34447,0.3831,0.37243,0.31154,0.37215,0.37778,0.32326,0.35175,0.38517,0.31236,0.32616,0.35703,0.36354,0.38051,0.34112,0.31461,0.36997,0.36472,0.31391,0.31863,0.31913,0.3645,0.31712,0.32325,0.33122,0.36882,0.35984,0.37639,0.3323,0.37673,0.3743,0.33619,0.36629,0.34963,0.31541,0.38278,0.35107,0.3779,0.37671,0.38141,0.34889,0.35742,0.37779,0.38617,0.37017,0.36158,0.37518,0.35904,0.37835,0.37175,0.35286,0.38195,0.36956,0.36207,0.31787,0.38506,0.38352,0.36774,0.38334,0.35399,0.37139,0.33407,0.34152,0.31477,0.32262,0.38631,0.37932
842,0.38336,0.38366,0.38455,0.30332,0.35264,0.33725,0.30309,0.37907,0.38704,0.36716,0.3458,0.38021,0.34036,0.37274,0.32001,0.34992,0.36338,0.3294,0.36446,0.31127,0.35391,0.36991,0.38301,0.38,0.35113,0.35872,0.38177,0.37137,0.37742,0.32993,0.36615,0.36896,0.30194,0.35946,0.30674,0.34967,0.32025,0.31069,0.36893,0.38559,0.38654,0.38403,0.36241,0.32823,0.37779,0.38574,0.32695,0.38592,0.3584,0.30583,0.38452,0.32545,0.30266,0.36782,0.35917,0.37806,0.38551,0.3754,0.38173,0.32797,0.32413,0.3868,0.33298,0.35313,0.36672,0.35691,0.36742,0.38226,0.31041,0.36536,0.36588,0.36206,0.35556,0.32554,0.32224,0.38714,0.3427,0.30608,0.34623,0.38384,0.36952,0.33452,0.36322,0.37367,0.36501,0.36063,0.33234,0.36937,0.38668,0.33633,0.32607,0.33896,0.33628,0.38628,0.3806,0.33854,0.3613,0.37667,0.3178,0.35753,0.31349,0.36642,0.3216,0.36556,0.38734,0.35995,0.38095,0.35223,0.36306,0.38631,0.3249,0.38148,0.37116,0.36818,0.38107,0.38646,0.3706,0.32262,0.37574,0.34827,0.32583,0.34533,0.36192,0.38493,0.35046,0.38523,0.35772,0.334,0.37679,0.3377,0.34194,0.37891,0.35347,0.30224,0.36177,0.37531,0.38201,0.3108,0.3822,0.34716,0.35407,0.3211,0.3783,0.38008,0.34746,0.35532,0.3744,0.38749,0.31713,0.3551,0.36435,0.34706,0.33335,0.38487,0.37256,0.34348,0.38423,0.38168,0.37412,0.30976,0.33737,0.33928,0.38672,0.36113,0.38538,0.34671,0.38507,0.35801,0.32756,0.37842,0.31661,0.36371,0.36908,0.38376,0.37469,0.37599,0.34384,0.3853,0.34288,0.38433,0.32238,0.38238,0.32868,0.3291,0.30897,0.38475,0.32068,0.34493,0.30493,0.36477,0.38609,0.37521,0.35604,0.36164,0.35477,0.30392,0.37935,0.37418,0.38069,0.37195,0.36212,0.38052,0.33485,0.38298,0.37477,0.36373,0.35441,0.33208,0.34071,0.37166,0.35888,0.34905,0.32323,0.36869,0.3763,0.34637,0.38518,0.37916,0.35202,0.33949,0.35076,0.37583,0.34418,0.32728,0.36866,0.38186,0.38198,0.36805,0.30845,0.34597,0.38414,0.30471,0.3063,0.36009,0.37685,0.35124,0.33381,0.37647,0.33023,0.36014,0.35417,0.31867,0.3382,0.36705,0.36681,0.37992,0.38398,0.33113,0.38259,0.34873,0.31262,0.3755,0.38503,0.3761,0.3333,0.37385,0.37337,0.37641,0.36392,0.35589,0.38356,0.34439,0.36144,0.33698,0.35655,0.33137,0.38687,0.36808,0.38119,0.32455,0.38152,0.37358,0.35546,0.33556,0.32849,0.34103,0.35583,0.34407,0.30436,0.36354,0.34946,0.37719,0.37231,0.36764,0.37813,0.38744,0.37374,0.33079,0.35642,0.37269,0.37134,0.34827,0.37881,0.3834,0.34026,0.3583,0.35864,0.35186,0.36287,0.38033,0.33565,0.34141,0.33052,0.3297,0.36261,0.35725,0.35709,0.36996,0.34797,0.38602,0.38732,0.31473,0.33785,0.30759,0.38111,0.37226,0.38275,0.37953,0.36087,0.31694,0.3813,0.37662,0.38464,0.34249,0.3549,0.38315,0.37485,0.36657,0.34115,0.37326,0.31173,0.37184,0.38309,0.35635,0.31404,0.37023,0.34647,0.30162,0.36099,0.37436,0.30958,0.38698,0.32919,0.35275,0.37727,0.37698,0.31799,0.35688,0.36041,0.36606,0.37457,0.31935,0.38615,0.32657,0.33982,0.37824,0.33907,0.36777,0.30833,0.33848,0.3475,0.37049,0.37964,0.32496,0.37616,0.33604,0.33511,0.37098,0.35949,0.38327,0.37152,0.3848,0.34008,0.34368,0.3777,0.33424,0.3808,0.38242,0.38284,0.38568,0.38546,0.34848,0.34921,0.3534,0.35928,0.36409,0.37349,0.35097,0.34316,0.36978,0.34471,0.37109,0.37943,0.38083,0.37902,0.36622,0.33153,0.38639,0.37977,0.36925,0.36462,0.37978,0.37554,0.3209,0.3779,0.34558,0.31237,0.34168,0.31608,0.32192,0.37497,0.35006,0.3157,0.37014,0.3866,0.38042,0.3685,0.34768,0.3132,0.38257,0.378,0.37402,0.37177,0.36496,0.36733,0.35286,0.36573,0.30721,0.35151,0.30929,0.3053,0.37305,0.30777,0.34516,0.38392,0.37317,0.31196,0.37289,0.37862,0.32375,0.35233,0.38599,0.31284,0.32671,0.35761,0.36421,0.38135,0.34179,0.31507,0.37072,0.36552,0.31438,0.31918,0.31959,0.36516,0.31763,0.32372,0.3318,0.36959,0.36051,0.37709,0.3328,0.37762,0.37502,0.33675,0.36695,0.35028,0.31596,0.38353,0.35172,0.37869,0.3775,0.38215,0.34945,0.35811,0.37858,0.38707,0.37087,0.36236,0.37592,0.35965,0.37924,0.37249,0.3536,0.38274,0.3703,0.36272,0.31831,0.38584,0.38443,0.36842,0.38424,0.35461,0.37213,0.33463,0.34217,0.31524,0.32315,0.38721,0.38018
865,0.38325,0.38355,0.38445,0.30321,0.35253,0.33713,0.30298,0.37897,0.38694,0.36705,0.34569,0.38011,0.34025,0.37263,0.3199,0.34981,0.36327,0.32929,0.36435,0.31116,0.3538,0.3698,0.3829,0.3799,0.35102,0.35861,0.38167,0.37126,0.37731,0.32982,0.36604,0.36885,0.30183,0.35935,0.30663,0.34956,0.32014,0.31058,0.36882,0.38548,0.38644,0.38392,0.3623,0.32812,0.37769,0.38564,0.32683,0.38581,0.35829,0.30572,0.38441,0.32534,0.30255,0.3677,0.35906,0.37795,0.38541,0.37529,0.38162,0.32785,0.32402,0.3867,0.33287,0.35302,0.36661,0.3568,0.36731,0.38216,0.31029,0.36525,0.36577,0.36195,0.35544,0.32543,0.32213,0.38704,0.34259,0.30597,0.34612,0.38373,0.36941,0.33441,0.36311,0.37356,0.3649,0.36052,0.33223,0.36926,0.38657,0.33622,0.32595,0.33885,0.33617,0.38618,0.38049,0.33843,0.36119,0.37657,0.31768,0.35741,0.31338,0.36631,0.32149,0.36545,0.38724,0.35984,0.38084,0.35211,0.36295,0.38621,0.32479,0.38138,0.37105,0.36807,0.38097,0.38636,0.37049,0.32251,0.37563,0.34816,0.32571,0.34522,0.36181,0.38482,0.35035,0.38513,0.35761,0.33389,0.37668,0.33758,0.34182,0.37881,0.35336,0.30213,0.36166,0.3752,0.38191,0.31068,0.38209,0.34705,0.35396,0.32098,0.37819,0.37998,0.34734,0.35521,0.37429,0.38739,0.31702,0.35498,0.36424,0.34695,0.33324,0.38477,0.37244,0.34336,0.38413,0.38157,0.37401,0.30965,0.33726,0.33917,0.38662,0.36102,0.38527,0.3466,0.38496,0.3579,0.32745,0.37832,0.3165,0.3636,0.36897,0.38365,0.37458,0.37588,0.34373,0.38519,0.34277,0.38423,0.32226,0.38227,0.32857,0.32899,0.30886,0.38464,0.32056,0.34481,0.30482,0.36466,0.38598,0.3751,0.35593,0.36153,0.35466,0.30381,0.37924,0.37407,0.38058,0.37184,0.36201,0.38041,0.33474,0.38287,0.37467,0.36362,0.35429,0.33196,0.3406,0.37155,0.35877,0.34893,0.32312,0.36859,0.37619,0.34626,0.38507,0.37906,0.35191,0.33938,0.35065,0.37572,0.34407,0.32717,0.36855,0.38176,0.38187,0.36794,0.30834,0.34585,0.38403,0.3046,0.30619,0.35998,0.37674,0.35113,0.33369,0.37636,0.33012,0.36002,0.35406,0.31856,0.33809,0.36693,0.3667,0.37981,0.38387,0.33102,0.38248,0.34862,0.31251,0.37539,0.38492,0.376,0.33318,0.37374,0.37326,0.3763,0.36381,0.35577,0.38345,0.34428,0.36133,0.33687,0.35644,0.33126,0.38677,0.36797,0.38108,0.32443,0.38141,0.37347,0.35535,0.33545,0.32838,0.34092,0.35572,0.34396,0.30425,0.36343,0.34934,0.37708,0.3722,0.36753,0.37802,0.38734,0.37363,0.33068,0.35631,0.37258,0.37123,0.34816,0.37871,0.38329,0.34015,0.35819,0.35853,0.35174,0.36275,0.38023,0.33554,0.3413,0.33041,0.32959,0.3625,0.35714,0.35698,0.36985,0.34786,0.38592,0.38721,0.31462,0.33774,0.30748,0.381,0.37215,0.38264,0.37943,0.36076,0.31683,0.3812,0.37651,0.38454,0.34238,0.35479,0.38305,0.37474,0.36646,0.34104,0.37315,0.31162,0.37173,0.38299,0.35624,0.31393,0.37012,0.34635,0.30151,0.36088,0.37425,0.30947,0.38687,0.32908,0.35263,0.37717,0.37687,0.31788,0.35676,0.3603,0.36595,0.37446,0.31924,0.38605,0.32646,0.33971,0.37813,0.33896,0.36766,0.30822,0.33837,0.34739,0.37038,0.37954,0.32485,0.37605,0.33592,0.335,0.37087,0.35938,0.38316,0.37141,0.38469,0.33996,0.34357,0.37759,0.33413,0.38069,0.38232,0.38273,0.38557,0.38535,0.34837,0.3491,0.35329,0.35917,0.36398,0.37338,0.35086,0.34304,0.36967,0.3446,0.37098,0.37933,0.38072,0.37891,0.36611,0.33141,0.38628,0.37966,0.36914,0.36451,0.37967,0.37543,0.32079,0.37779,0.34547,0.31226,0.34157,0.31597,0.32181,0.37486,0.34995,0.31559,0.37003,0.3865,0.38031,0.36839,0.34757,0.31309,0.38247,0.37789,0.37391,0.37166,0.36485,0.36722,0.35274,0.36562,0.3071,0.35139,0.30918,0.30519,0.37294,0.30766,0.34505,0.38382,0.37306,0.31185,0.37278,0.37852,0.32364,0.35221,0.38588,0.31273,0.3266,0.3575,0.3641,0.38125,0.34168,0.31496,0.37061,0.36541,0.31427,0.31906,0.31947,0.36505,0.31752,0.32361,0.33168,0.36948,0.3604,0.37698,0.33268,0.37751,0.37491,0.33664,0.36684,0.35017,0.31585,0.38343,0.35161,0.37858,0.37739,0.38204,0.34934,0.358,0.37847,0.38697,0.37076,0.36225,0.37581,0.35954,0.37914,0.37239,0.35348,0.38264,0.37019,0.36261,0.3182,0.38574,0.38433,0.36831,0.38413,0.35449,0.37202,0.33452,0.34206,0.31513,0.32303,0.38711,0.38008
945,0.37868,0.37898,0.37986,0.3,0.34852,0.33339,0.29977,0.37447,0.3823,0.36277,0.3418,0.3756,0.33646,0.36826,0.31643,0.34585,0.35907,0.32568,0.36012,0.30783,0.34977,0.36547,0.37834,0.37539,0.34704,0.35449,0.37712,0.36691,0.37285,0.3262,0.36178,0.36454,0.29864,0.35522,0.30337,0.3456,0.31667,0.30726,0.36451,0.38087,0.38181,0.37934,0.35811,0.32452,0.37322,0.38103,0.32326,0.3812,0.35418,0.30247,0.37982,0.32179,0.29935,0.36342,0.35493,0.37348,0.3808,0.37087,0.37708,0.32427,0.32049,0.38207,0.3292,0.349,0.36235,0.35272,0.36304,0.37761,0.30698,0.36101,0.36152,0.35777,0.35138,0.32188,0.31863,0.38241,0.33875,0.30272,0.34222,0.37915,0.36509,0.33071,0.35891,0.36916,0.36067,0.35636,0.32857,0.36495,0.38195,0.33249,0.3224,0.33508,0.33244,0.38156,0.37597,0.33467,0.35702,0.37212,0.31426,0.35332,0.31002,0.36205,0.318,0.3612,0.3826,0.3557,0.37631,0.34811,0.35875,0.38159,0.32125,0.37684,0.3667,0.36378,0.37644,0.38173,0.36615,0.31901,0.3712,0.34423,0.32216,0.34134,0.35763,0.38022,0.34638,0.38053,0.35351,0.3302,0.37223,0.33383,0.338,0.37432,0.34934,0.29894,0.35749,0.37077,0.37736,0.30736,0.37754,0.34313,0.34992,0.3175,0.37371,0.37547,0.34343,0.35115,0.36988,0.38275,0.3136,0.35093,0.36002,0.34304,0.32956,0.38018,0.36807,0.33952,0.37954,0.37703,0.3696,0.30635,0.33352,0.3354,0.38199,0.35686,0.38067,0.3427,0.38037,0.35379,0.32386,0.37384,0.31309,0.35939,0.36466,0.37908,0.37017,0.37145,0.33988,0.38059,0.33893,0.37964,0.31877,0.37772,0.32497,0.32538,0.30557,0.38005,0.31709,0.34094,0.30159,0.36043,0.38137,0.37068,0.35186,0.35736,0.35061,0.3006,0.37474,0.36967,0.37606,0.36748,0.35783,0.37589,0.33104,0.37831,0.37025,0.35941,0.35025,0.32831,0.3368,0.3672,0.35465,0.34499,0.3196,0.36428,0.37175,0.34236,0.38047,0.37456,0.34791,0.3356,0.34667,0.37129,0.34021,0.32359,0.36424,0.37721,0.37733,0.36365,0.30505,0.34196,0.37945,0.30137,0.30294,0.35583,0.37229,0.34714,0.33001,0.37191,0.3265,0.35588,0.35003,0.31512,0.33433,0.36266,0.36243,0.37531,0.37929,0.32738,0.37793,0.34468,0.30916,0.37096,0.38033,0.37156,0.32951,0.36934,0.36888,0.37186,0.3596,0.35171,0.37888,0.34041,0.35716,0.33313,0.35236,0.32761,0.38214,0.36368,0.37655,0.3209,0.37688,0.36908,0.35129,0.33173,0.32478,0.33711,0.35165,0.3401,0.30102,0.35922,0.34539,0.37262,0.36783,0.36325,0.37354,0.3827,0.36923,0.32705,0.35224,0.3682,0.36688,0.34423,0.37422,0.37872,0.33636,0.35408,0.35442,0.34775,0.35856,0.37571,0.33183,0.33749,0.32678,0.32598,0.35831,0.35305,0.35289,0.36552,0.34393,0.3813,0.38258,0.31124,0.33399,0.30421,0.37647,0.36778,0.37808,0.37492,0.3566,0.31342,0.37666,0.37206,0.37995,0.33855,0.35074,0.37848,0.37033,0.36219,0.33723,0.36876,0.30828,0.36737,0.37842,0.35216,0.31056,0.36579,0.34246,0.29833,0.35672,0.36985,0.30616,0.38224,0.32547,0.34862,0.37271,0.37241,0.31445,0.35268,0.35615,0.3617,0.37005,0.31579,0.38143,0.32289,0.33593,0.37365,0.33518,0.36338,0.30494,0.33461,0.34347,0.36605,0.37503,0.32131,0.37161,0.3322,0.33129,0.36652,0.35525,0.3786,0.36705,0.3801,0.33618,0.33972,0.37313,0.33044,0.37617,0.37777,0.37817,0.38097,0.38074,0.34444,0.34516,0.34926,0.35504,0.35977,0.36899,0.34688,0.3392,0.36535,0.34073,0.36663,0.37483,0.3762,0.37442,0.36185,0.32777,0.38166,0.37516,0.36483,0.36029,0.37517,0.371,0.31731,0.37332,0.34159,0.30892,0.33775,0.31257,0.31832,0.37044,0.34599,0.3122,0.36571,0.38188,0.37579,0.36409,0.34365,0.30973,0.37791,0.37341,0.36951,0.3673,0.36062,0.36294,0.34873,0.36137,0.30383,0.3474,0.30588,0.30195,0.36856,0.30438,0.34118,0.37924,0.36868,0.30851,0.3684,0.37403,0.32012,0.34821,0.38127,0.30938,0.32303,0.3534,0.35988,0.37671,0.33786,0.31157,0.36627,0.36117,0.31089,0.31562,0.31602,0.36081,0.31409,0.32009,0.32803,0.36517,0.35625,0.37252,0.32902,0.37304,0.37049,0.3329,0.36257,0.34621,0.31245,0.37885,0.34762,0.37409,0.37293,0.37749,0.34539,0.35389,0.37398,0.38234,0.36642,0.35807,0.37137,0.35541,0.37464,0.36801,0.34946,0.37808,0.36586,0.35842,0.31476,0.38112,0.37974,0.36401,0.37955,0.35045,0.36766,0.33082,0.33824,0.31174,0.31952,0.38247,0.37556
1375,0.26024,0.26041,0.26091,0.21559,0.24362,0.23516,0.21545,0.25787,0.26233,0.25143,0.23989,0.2585,0.23689,0.25443,0.22538,0.24214,0.24941,0.23075,0.24999,0.22029,0.24431,0.25291,0.26004,0.25838,0.2428,0.2469,0.25936,0.2537,0.25696,0.23105,0.25089,0.2524,0.21477,0.2473,0.21762,0.24201,0.22552,0.21995,0.25238,0.2615,0.26204,0.26061,0.24889,0.23009,0.25717,0.26158,0.22936,0.26168,0.24673,0.21708,0.26089,0.2285,0.2152,0.25179,0.24715,0.25731,0.26145,0.25587,0.25933,0.22994,0.22775,0.26219,0.23277,0.24389,0.2512,0.24593,0.25158,0.25963,0.21979,0.25047,0.25075,0.2487,0.2452,0.22856,0.22667,0.26239,0.23818,0.21723,0.24013,0.26051,0.2527,0.23364,0.24932,0.25493,0.25028,0.24793,0.23241,0.25262,0.26212,0.23465,0.22886,0.23611,0.23462,0.26189,0.25871,0.23588,0.24829,0.25656,0.2241,0.24626,0.2216,0.25104,0.2263,0.25058,0.2625,0.24757,0.2589,0.2434,0.24924,0.26191,0.22819,0.2592,0.25358,0.25198,0.25897,0.26199,0.25328,0.22689,0.25605,0.24124,0.22872,0.23964,0.24862,0.26112,0.24244,0.26129,0.24637,0.23335,0.25662,0.23541,0.23776,0.25778,0.24407,0.21495,0.24855,0.25582,0.25949,0.22002,0.25959,0.24063,0.2444,0.22601,0.25745,0.25842,0.2408,0.24507,0.25533,0.26259,0.22371,0.24495,0.24993,0.24058,0.23298,0.26109,0.25433,0.23861,0.26073,0.2593,0.25517,0.21941,0.23523,0.23629,0.26214,0.2482,0.26138,0.24039,0.2612,0.24652,0.22971,0.25751,0.22342,0.24958,0.25246,0.26046,0.25548,0.25619,0.23881,0.26133,0.23828,0.26079,0.22675,0.25969,0.23034,0.23058,0.21894,0.26102,0.22577,0.23941,0.21655,0.25016,0.26178,0.25576,0.24546,0.24847,0.24477,0.21595,0.25802,0.25521,0.25876,0.25401,0.24873,0.25866,0.23382,0.26003,0.25553,0.2496,0.24458,0.23226,0.23709,0.25385,0.24699,0.24166,0.22723,0.25226,0.25636,0.2402,0.26126,0.25792,0.24328,0.23641,0.2426,0.2561,0.239,0.22955,0.25224,0.25941,0.25947,0.25191,0.21863,0.23998,0.26068,0.21642,0.21736,0.24764,0.25666,0.24286,0.23324,0.25645,0.23122,0.24767,0.24445,0.22461,0.23569,0.25137,0.25125,0.25833,0.26059,0.23173,0.25981,0.24149,0.22109,0.25592,0.26118,0.25625,0.23295,0.25503,0.25477,0.25642,0.2497,0.24538,0.26035,0.23912,0.24837,0.23501,0.24574,0.23187,0.26223,0.25193,0.25903,0.22799,0.25922,0.25488,0.24515,0.23422,0.23024,0.23726,0.24535,0.23894,0.21621,0.24949,0.24189,0.25684,0.2542,0.25169,0.25735,0.26256,0.25497,0.23154,0.24567,0.2544,0.25368,0.24124,0.25773,0.26026,0.23684,0.24668,0.24686,0.2432,0.24913,0.25856,0.23427,0.23747,0.23139,0.23092,0.24899,0.24612,0.24603,0.25294,0.24108,0.26174,0.26248,0.22232,0.2355,0.21813,0.25899,0.25417,0.2599,0.25812,0.24806,0.22361,0.2591,0.25653,0.26096,0.23807,0.24485,0.26012,0.25557,0.25112,0.23733,0.25471,0.22056,0.25395,0.26009,0.24563,0.22192,0.25308,0.24026,0.21458,0.24813,0.25531,0.2193,0.26229,0.23063,0.24368,0.25689,0.25672,0.22421,0.24591,0.24782,0.25085,0.25542,0.225,0.26182,0.22914,0.23659,0.25741,0.23617,0.25176,0.21856,0.23585,0.24082,0.25322,0.25818,0.22823,0.25628,0.23449,0.23397,0.25348,0.24732,0.26019,0.25377,0.26105,0.23673,0.23872,0.25712,0.23348,0.25882,0.25972,0.25995,0.26155,0.26142,0.24136,0.24176,0.24403,0.2472,0.24979,0.25484,0.24272,0.23844,0.25284,0.23929,0.25354,0.25807,0.25883,0.25784,0.25093,0.23195,0.26195,0.25825,0.25256,0.25007,0.25826,0.25594,0.2259,0.25723,0.23977,0.22094,0.23762,0.22311,0.22649,0.25563,0.24222,0.22289,0.25304,0.26208,0.25861,0.25215,0.24092,0.22142,0.2598,0.25728,0.25512,0.25391,0.25026,0.25152,0.24374,0.25067,0.2179,0.243,0.21913,0.21677,0.2546,0.21823,0.23954,0.26055,0.25467,0.2207,0.25451,0.25762,0.22753,0.24345,0.26172,0.22122,0.22923,0.24631,0.24985,0.25912,0.23768,0.22252,0.25334,0.25056,0.22211,0.2249,0.22514,0.25036,0.22401,0.22752,0.23211,0.25274,0.24787,0.25679,0.23267,0.25707,0.25566,0.23488,0.25132,0.24234,0.22303,0.26034,0.24312,0.25766,0.25701,0.25956,0.24189,0.24658,0.2576,0.26235,0.25342,0.24886,0.25615,0.24741,0.25796,0.2543,0.24414,0.2599,0.25312,0.24905,0.2244,0.26164,0.26084,0.25211,0.26073,0.24468,0.2541,0.2337,0.23789,0.22262,0.22719,0.26242,0.25848
1610,0.19656,0.19668,0.19704,0.16579,0.18502,0.17927,0.16569,0.19485,0.19808,0.19036,0.18249,0.1953,0.18045,0.19244,0.17257,0.18402,0.18897,0.17626,0.18937,0.16906,0.18549,0.19138,0.19641,0.19522,0.18446,0.18726,0.19592,0.19192,0.19421,0.17646,0.18999,0.19103,0.16522,0.18753,0.1672,0.18392,0.17267,0.16882,0.19102,0.19747,0.19787,0.19683,0.18861,0.1758,0.19436,0.19753,0.1753,0.19761,0.18714,0.16683,0.19703,0.17472,0.16552,0.1906,0.18742,0.19446,0.19744,0.19344,0.1959,0.1757,0.1742,0.19798,0.17764,0.1852,0.1902,0.18659,0.19046,0.19611,0.16871,0.1897,0.18989,0.18848,0.18609,0.17475,0.17346,0.19812,0.18133,0.16693,0.18265,0.19675,0.19124,0.17823,0.18891,0.19279,0.18957,0.18796,0.17739,0.19118,0.19792,0.17892,0.17496,0.17992,0.1789,0.19776,0.19545,0.17976,0.1882,0.19393,0.17169,0.18682,0.16996,0.19009,0.1732,0.18977,0.19821,0.18771,0.19559,0.18487,0.18885,0.19777,0.1745,0.1958,0.19185,0.19074,0.19564,0.19783,0.19164,0.17361,0.19357,0.1834,0.17487,0.18231,0.18843,0.1972,0.18422,0.19732,0.18689,0.17803,0.19397,0.17944,0.18104,0.19479,0.18533,0.16534,0.18838,0.19341,0.19601,0.16887,0.19609,0.18299,0.18555,0.173,0.19456,0.19525,0.1831,0.18601,0.19306,0.19827,0.17142,0.18593,0.18933,0.18295,0.17778,0.19717,0.19237,0.18162,0.19691,0.19588,0.19296,0.16845,0.17932,0.18004,0.19794,0.18814,0.19738,0.18282,0.19725,0.187,0.17554,0.1946,0.17122,0.18909,0.19107,0.19672,0.19317,0.19367,0.18175,0.19735,0.18139,0.19695,0.17351,0.19616,0.17598,0.17614,0.16812,0.19712,0.17284,0.18216,0.16646,0.18948,0.19768,0.19337,0.18627,0.18833,0.1858,0.16604,0.19496,0.19298,0.19549,0.19214,0.18851,0.19542,0.17835,0.1964,0.19321,0.1891,0.18567,0.17729,0.18058,0.19203,0.18732,0.18369,0.17385,0.19093,0.19378,0.1827,0.1973,0.19489,0.18479,0.18012,0.18433,0.19361,0.18188,0.17543,0.19091,0.19595,0.196,0.19069,0.16791,0.18255,0.19687,0.16637,0.16702,0.18776,0.194,0.1845,0.17795,0.19385,0.17658,0.18778,0.18559,0.17204,0.17963,0.19032,0.19023,0.19519,0.19681,0.17693,0.19625,0.18357,0.16961,0.19348,0.19724,0.19371,0.17776,0.19285,0.19268,0.19383,0.18917,0.18622,0.19663,0.18196,0.18826,0.17917,0.18646,0.17702,0.19801,0.1907,0.19568,0.17436,0.19582,0.19275,0.18606,0.17862,0.1759,0.1807,0.1862,0.18184,0.16622,0.18903,0.18384,0.19413,0.19228,0.19054,0.19449,0.19825,0.19281,0.1768,0.18641,0.19242,0.19191,0.1834,0.19475,0.19657,0.18041,0.1871,0.18723,0.18473,0.18878,0.19535,0.17866,0.18084,0.17669,0.17637,0.18868,0.18672,0.18666,0.1914,0.18329,0.19765,0.1982,0.17046,0.1795,0.16756,0.19566,0.19226,0.19631,0.19503,0.18805,0.17135,0.19573,0.19391,0.19708,0.18125,0.18585,0.19647,0.19323,0.19014,0.18074,0.19263,0.16925,0.1921,0.19645,0.18639,0.17018,0.1915,0.18273,0.16508,0.18809,0.19305,0.16837,0.19805,0.17618,0.18506,0.19416,0.19404,0.17177,0.18658,0.18788,0.18996,0.19313,0.17231,0.1977,0.17516,0.18024,0.19453,0.17996,0.19059,0.16786,0.17974,0.18312,0.1916,0.19508,0.17453,0.19373,0.17881,0.17845,0.19178,0.18754,0.19652,0.19198,0.19714,0.18034,0.18169,0.19432,0.17812,0.19553,0.19618,0.19635,0.19751,0.19741,0.18348,0.18375,0.1853,0.18746,0.18923,0.19272,0.18441,0.1815,0.19133,0.18208,0.19182,0.195,0.19554,0.19483,0.19001,0.17708,0.1978,0.19513,0.19113,0.18943,0.19513,0.19349,0.17293,0.1944,0.1824,0.16951,0.18094,0.17101,0.17333,0.19328,0.18407,0.17085,0.19147,0.1979,0.19538,0.19086,0.18318,0.16984,0.19624,0.19444,0.19292,0.19207,0.18955,0.19042,0.1851,0.18983,0.1674,0.1846,0.16825,0.16661,0.19255,0.16763,0.18225,0.19678,0.1926,0.16934,0.19249,0.19468,0.17405,0.18491,0.19763,0.1697,0.17521,0.18685,0.18927,0.19575,0.18098,0.1706,0.19168,0.18976,0.17032,0.17224,0.1724,0.18962,0.17162,0.17404,0.17718,0.19126,0.18791,0.19409,0.17757,0.19429,0.1933,0.17908,0.19028,0.18415,0.17095,0.19663,0.18468,0.1947,0.19425,0.19607,0.18384,0.18703,0.19466,0.19809,0.19174,0.18859,0.19364,0.1876,0.19492,0.19235,0.18537,0.19631,0.19153,0.18873,0.1719,0.19757,0.19699,0.19083,0.19691,0.18574,0.19221,0.17827,0.18113,0.17067,0.17381,0.19815,0.19529
2190,0.06213,0.06217,0.062292,0.053691,0.058716,0.057187,0.053666,0.061579,0.062641,0.060213,0.058036,0.061722,0.057497,0.06083,0.055449,0.058445,0.059812,0.056404,0.059926,0.05454,0.058844,0.060512,0.062083,0.061695,0.058565,0.059331,0.061921,0.060675,0.061377,0.056457,0.060105,0.060408,0.053542,0.059407,0.054059,0.05842,0.055474,0.054479,0.060405,0.062434,0.062569,0.06222,0.059711,0.056285,0.061422,0.062456,0.056156,0.062481,0.059298,0.053962,0.062286,0.056004,0.05362,0.060284,0.059377,0.061455,0.062424,0.061137,0.061916,0.056259,0.055871,0.062607,0.056762,0.058766,0.060167,0.059147,0.060242,0.061985,0.054449,0.060021,0.060077,0.059675,0.05901,0.056014,0.055678,0.062656,0.057728,0.053988,0.058078,0.062194,0.06047,0.056916,0.059795,0.060935,0.059984,0.059526,0.056698,0.060454,0.062588,0.057096,0.056067,0.057357,0.057091,0.062532,0.06177,0.057316,0.059596,0.061287,0.055221,0.059209,0.054774,0.060134,0.055612,0.060042,0.062684,0.059457,0.061815,0.058675,0.059779,0.062537,0.055949,0.061884,0.060651,0.060324,0.061831,0.062558,0.060589,0.055717,0.061176,0.058281,0.056043,0.05799,0.05966,0.062343,0.058499,0.062385,0.059229,0.056864,0.061301,0.057232,0.057653,0.061559,0.0588,0.053575,0.059645,0.061125,0.061952,0.05449,0.061977,0.05817,0.05886,0.055561,0.061484,0.061705,0.0582,0.058986,0.061019,0.062707,0.055152,0.058963,0.059914,0.05816,0.056799,0.062336,0.060808,0.057805,0.062248,0.061909,0.060987,0.054381,0.0572,0.05739,0.062595,0.059579,0.062405,0.058126,0.062362,0.059258,0.056218,0.061499,0.055099,0.059847,0.060421,0.062183,0.061053,0.061206,0.057841,0.062394,0.057746,0.062261,0.055692,0.062,0.056331,0.056373,0.054297,0.062318,0.055518,0.057949,0.053865,0.059959,0.062505,0.061114,0.059059,0.059631,0.05893,0.053757,0.061613,0.060994,0.061782,0.06074,0.059681,0.06176,0.056949,0.062079,0.061063,0.059849,0.058894,0.056672,0.057531,0.060708,0.059347,0.058358,0.055779,0.06038,0.061242,0.058092,0.062378,0.06159,0.058654,0.05741,0.058529,0.061187,0.057875,0.05619,0.060375,0.061933,0.061948,0.06031,0.054242,0.058052,0.062235,0.053842,0.054012,0.059471,0.061308,0.058576,0.056845,0.061263,0.056487,0.059476,0.05887,0.055312,0.057282,0.060201,0.060175,0.061685,0.062213,0.056577,0.062028,0.058326,0.054682,0.061148,0.062357,0.06122,0.056794,0.060956,0.060901,0.061256,0.059869,0.059043,0.062156,0.057896,0.05961,0.057161,0.05911,0.056601,0.062616,0.060312,0.061845,0.055913,0.061888,0.060925,0.059,0.057019,0.056312,0.057563,0.059037,0.057864,0.053803,0.059829,0.058399,0.061349,0.060781,0.060265,0.061463,0.062699,0.060943,0.056543,0.059098,0.060823,0.060672,0.058281,0.061547,0.062135,0.057487,0.059288,0.059323,0.058638,0.059758,0.061737,0.057029,0.057601,0.056516,0.056434,0.059732,0.059182,0.059165,0.060518,0.058251,0.062495,0.062681,0.054903,0.057247,0.05415,0.061836,0.060774,0.062049,0.061636,0.059552,0.055133,0.06186,0.061281,0.062304,0.057708,0.058944,0.062102,0.061072,0.06015,0.057575,0.060888,0.054588,0.060727,0.062094,0.05909,0.054831,0.060548,0.058102,0.053507,0.059564,0.061016,0.054361,0.062631,0.056382,0.058727,0.061359,0.061323,0.055241,0.059143,0.059505,0.060095,0.061039,0.055381,0.062514,0.056118,0.057443,0.061476,0.057368,0.060279,0.054229,0.05731,0.058204,0.060577,0.06165,0.055955,0.061226,0.057067,0.056974,0.060631,0.05941,0.062118,0.060691,0.062325,0.057468,0.057825,0.061411,0.056888,0.061796,0.062006,0.062061,0.062447,0.062416,0.058302,0.058375,0.058793,0.059388,0.059887,0.060915,0.05855,0.057773,0.060498,0.057928,0.060643,0.061624,0.0618,0.061572,0.060112,0.056616,0.062547,0.061666,0.06044,0.059943,0.061667,0.061153,0.055541,0.061435,0.058014,0.054656,0.057627,0.055044,0.055646,0.061086,0.058459,0.055004,0.060539,0.062578,0.061748,0.060358,0.058222,0.054743,0.062025,0.061446,0.060976,0.060719,0.059979,0.060231,0.058738,0.06006,0.05411,0.058603,0.054331,0.053905,0.060865,0.054169,0.057973,0.062205,0.060879,0.054613,0.060846,0.061524,0.055832,0.058685,0.06249,0.054705,0.056132,0.059218,0.059899,0.061867,0.057638,0.054938,0.060602,0.060038,0.054866,0.055364,0.055406,0.06,0.055204,0.055829,0.056644,0.060478,0.059514,0.061337,0.056744,0.061401,0.061092,0.057138,0.060191,0.058481,0.055031,0.062153,0.058625,0.061531,0.061387,0.06197,0.058398,0.059269,0.061518,0.062646,0.060619,0.059706,0.061197,0.059426,0.0616,0.060801,0.058812,0.062048,0.060556,0.059743,0.055274,0.06247,0.062275,0.060349,0.062249,0.058914,0.06076,0.056927,0.057676,0.054956,0.05577,0.062665,0.061718
