0,14.087,16.218,14.63,14.945,14.716,14.134,14.009,15.149,14.507,15.124,14.498,15.953,14.543,14.9,14.038,14.427,14.57,14.841,13.315,13.426,15.525,14.881,13.591,15.68,14.416,16.268,13.921,14.591,13.537,16.171,16.126,15.396,13.519,15.447,14.821,13.783,14.002,15.965,15.651,14.694,13.694,16.146,15.976,14.283,16.069,14.351,14.751,14.482,15.549,13.973,13.648,16.248,16.177,13.153,13.706,14.527,15.197,15.481,15.896,13.824,15.262,16.086,15.827,15.307,15.677,15.717,16.091,16.444,14.819,13.98,15.412,13.675,16.212,16.12,15.859,15.407,14.584,14.297,14.528,13.252,15.831,14.376,15.418,13.62,16.137,13.446,15.29,15.387,14.024,13.224,15.854,13.936,16.271,14.395,13.582,15.058,13.11,15.24,13.198,13.493,14.303,15.695,13.118,16.054,14.576,16.156,14.537,14.978,14.403,13.239,15.987,15.393,15.169,15.983,14.639,15.468,13.4,16.106,15.113,13.616,14.238,16.061,15.843,14.379,15.327,13.763,15.457,13.14,15.806,15.021,14.787,16.016,14.259,16.382,13.541,13.757,15.553,14.193,14.165,16.343,14.602,13.389,13.852,13.951,13.484,15.594,14.888,15.996,15.075,14.388,16.397,14.988,15.213,16.402,13.526,15.368,15.702,13.086,15.026,14.37,15.746,15.225,15.164,15.757,14.423,15.371,16.429,13.992,14.762,15.523,14.114,14.66,14.451,13.457,14.36,13.594,13.353,15.669,16.322,16.252,13.268,14.267,13.323,13.686,13.889,13.816,14.904,13.879,13.116,15.356,13.457,14.928,15.002,16.191,13.646,14.809,14.323,15.498,15.709,13.101,13.265,13.281,13.608,15.643,16.037,14.758,13.406,14.805,13.227,15.916,14.411,13.547,14.829,16.198,13.375,14.042,14.152,16.052,14.21,16.294,13.838,14.55,15.067,15.837,13.713,15.532,14.228,13.6,14.618,13.133,13.381,15.933,14.675,15.538,13.794,13.438,14.768,15.259,14.777,13.147,16.113,15.822,14.217,13.749,14.059,13.799,13.207,13.627,13.216,13.258,13.963,13.334,16.358,15.688,13.741,13.57,13.579,15.238,15.558,13.639,14.202,13.516,16.376,15.191,14.305,15.869,16.019,15.591,13.358,13.395,15.888,14.335,15.92,16.414,16.076,13.835,14.862,13.863,14.244,14.669,15.504,15.173,13.479,13.953,14.56,15.574,15.083,15.784,16.309,15.473,14.028,14.252,15.948,13.744,15.136,14.914,14.95,13.415,13.966,15.96,14.353,14.78,15.774,16.347,13.556,15.779,13.688,15.6,14.623,16.161,14.102,13.731,14.233,15.274,16.277,13.5,14.847,13.421,16.206,14.514,14.512,15.94,16.335,14.188,15.638,16.298,14.157,15.492,14.271,16.151,16.241,15.903,16.385,14.969,14.928,15.338,14.732,14.651,14.719,14.052,14.285,15.139,15.052,14.477,15.268,15.451,16.029,13.191,15.154,16.368,14.014,16.452,15.124,14.607,15.486,15.036,15.727,15.728,14.147,15.798,15.582,13.869,15.517,14.096,16.285,13.67,14.682,13.203,15.619,14.795,14.962,13.893,13.17,15.2,14.066,15.328,15.876,16.471,15.302,13.092,13.313,14.311,16.129,15.63,13.366,15.764,14.075,15.57,13.778,14.835,14.176,14.939,16.465,13.163,13.926,15.283,13.346,14.989,14.072,14.956,13.341,14.878,15.038,15.089,15.091,16.419,15.232,13.9,15.929,15.75,15.663,16.325,15.879,16.042,15.379,15.105,15.739,15.014,13.274,16.001,13.174,13.297,14.118,15.79,16.182,13.291,14.855,14.74,13.721,15.81,15.179,14.207,13.941,16.456,14.492,14.445,13.77,14.342,15.44,14.329,13.432,14.171,15.296,15.433,13.127,13.998,15.047,16.356,14.61,14.707,16.311,14.869,16.094,14.126,13.817,15.351,14.089,15.621,15.316,14.434,13.183,13.661,16.233,13.809,14.729,13.564,15.209,16.407,13.307,15.102,14.564,14.646,13.24,13.47,15.005,14.471,15.424,13.874,16.261,13.911,13.473,16.227,14.466,16.437,14.14,14.688,13.845,13.725,13.506,15.908,13.657,15.655,13.911,14.454,14.915,16.012,14.701,15.247,15.342,15.606
0,4.6589,4.6809,4.7484,2.1317,3.2041,2.7823,2.1281,4.368,4.9483,3.7429,3.0024,4.4414,2.8589,4.0083,2.4169,3.1207,3.5846,2.605,3.6282,2.2608,3.2447,3.8684,4.6333,4.4276,3.1573,3.4083,4.5459,3.9392,4.2668,2.6163,3.699,3.824,2.1103,3.4351,2.1858,3.1134,2.4214,2.251,3.8226,4.8291,4.9067,4.7085,3.5462,2.5802,4.2892,4.8414,2.5535,4.8557,3.3969,2.1712,4.7453,2.5229,2.1214,3.7719,3.4244,4.3054,4.8231,4.1508,4.543,2.5747,2.4966,4.9287,2.6833,3.2197,3.724,3.3449,3.7546,4.5803,2.2462,3.6656,3.6878,3.5326,3.2988,2.5248,2.4594,4.9571,2.9189,2.1752,3.0144,4.6941,3.8501,2.7183,3.5781,4.0564,3.651,3.4781,2.669,3.8433,4.9179,2.7605,2.5355,2.8239,2.7593,4.8854,4.4664,2.8137,3.5034,4.2231,2.3758,3.3661,2.299,3.7106,2.4471,3.6739,4.974,3.4532,4.4897,3.1912,3.5717,4.8878,2.5119,4.5262,3.9288,3.7886,4.4983,4.9,3.9014,2.4669,4.1696,3.0723,2.5306,2.9896,3.5271,4.777,3.137,4.801,3.373,2.7064,4.2299,2.7931,2.899,4.358,3.2307,2.115,3.5215,4.1453,4.5627,2.2528,4.5757,3.0404,3.2499,2.4374,4.3201,4.4327,3.0489,3.2909,4.0955,4.9872,2.3636,3.2835,3.6238,3.0376,2.6917,4.7732,3.9986,2.9394,4.7239,4.5393,4.0804,2.2354,2.7854,2.8319,4.9218,3.4972,4.8126,3.0278,4.7882,3.3831,2.5662,4.3278,2.3543,3.5977,3.8295,4.6882,4.1114,4.1838,2.9491,4.8062,2.9236,4.7314,2.4621,4.5884,2.5897,2.5985,2.2223,4.7634,2.4295,2.9784,2.1569,3.6411,4.8694,4.1398,3.3152,3.5165,3.2727,2.1411,4.3854,4.0838,4.4726,3.9681,3.535,4.4612,2.7258,4.6312,4.1161,3.5988,3.2608,2.6632,2.8677,3.9536,3.414,3.0948,2.4788,3.8119,4.2014,3.0182,4.7969,4.3737,3.1848,2.837,3.1461,4.1748,2.9582,2.5604,3.8101,4.5522,4.5604,3.7827,2.2137,3.007,4.7167,2.1535,2.1788,3.4581,4.2334,3.1606,2.702,4.2111,2.6228,3.4598,3.2533,2.3919,2.8053,3.7379,3.7275,4.4221,4.7048,2.6423,4.6033,3.0856,2.2838,4.1562,4.785,4.1904,2.6904,4.0661,4.041,4.2079,3.6063,3.3098,4.6733,2.9638,3.5089,2.7759,3.3325,2.6476,4.934,3.7838,4.5057,2.5048,4.5285,4.0518,3.2957,2.7423,2.5857,2.8758,3.308,2.9553,2.1479,3.5909,3.107,4.2533,3.9862,3.7642,4.3094,4.9824,4.0602,2.635,3.3282,4.0054,3.9378,3.0723,4.3519,4.6618,2.8564,3.3934,3.4056,3.1797,3.5641,4.4491,2.7445,2.8856,2.6291,2.6114,3.554,3.3567,3.3509,3.8707,3.0637,4.8639,4.9718,2.3206,2.7969,2.1997,4.5007,3.9834,4.6146,4.3971,3.4873,2.3602,4.5137,4.2198,4.7552,2.9135,3.2771,4.6438,4.1202,3.7171,2.8789,4.035,2.2686,3.9624,4.6394,3.3256,2.3085,3.8835,3.0209,2.1055,3.4918,4.0937,2.2323,4.943,2.6005,3.2075,4.2582,4.2407,2.3793,3.3436,3.4702,3.6953,4.1049,2.4045,4.8747,2.5457,2.8454,4.3162,2.8266,3.7701,2.2117,2.8123,3.0501,3.8963,4.4042,2.5131,4.1935,2.7536,2.7319,3.9198,3.4363,4.6523,3.9463,4.7673,2.8517,2.9448,4.2837,2.7119,4.48,4.5916,4.6211,4.8365,4.8186,3.0784,3.0999,3.2282,3.4284,3.6133,4.0473,3.1526,2.9309,3.8623,2.9726,3.9253,4.3909,4.482,4.3646,3.7021,2.6509,4.894,4.4122,3.8374,3.6349,4.413,4.1583,2.4338,4.2956,2.9964,2.2796,2.8925,2.3447,2.4534,4.1266,3.125,2.3379,3.8796,4.912,4.4546,3.8028,3.0553,2.2938,4.602,4.3014,4.0752,3.9588,3.649,3.7503,3.211,3.6811,2.1935,3.1688,2.2275,2.1628,4.0243,2.2025,2.9849,4.7004,4.0306,2.2725,4.0156,4.34,2.489,3.1943,4.8611,2.2877,2.5487,3.369,3.6179,4.5172,2.8952,2.3267,3.9072,3.6726,2.3145,2.4013,2.4089,3.6572,2.3727,2.4885,2.657,3.8536,3.4737,4.2473,2.6791,4.2787,4.1295,2.7704,3.7337,3.1317,2.3425,4.6715,3.1756,4.3439,4.2718,4.572,3.1068,3.3866,4.337,4.9514,3.9144,3.5444,4.1796,3.4421,4.3787,3.9956,3.2346,4.6142,3.8872,3.5583,2.3852,4.8494,4.7392,3.7992,4.7244,3.2673,3.9772,2.7209,2.9052,2.3297,2.4771,4.9629,4.4392
0,1,3,3,4,3,4,2,4,1,4,5,2,2,2,2,1,3,1,4,1,2,3,2,3,3,3,4,3,2,4,2,4,5,3,4,4,3,4,5,3,4,4,1,3,2,4,2,2,4,5,3,3,2,4,1,4,3,1,4,5,3,3,4,5,3,1,4,4,1,1,2,5,2,3,1,1,4,4,4,2,2,4,2,4,5,1,4,2,1,4,2,2,4,4,5,5,4,4,2,1,3,5,2,3,4,4,3,2,4,1,2,2,2,3,3,2,1,3,3,3,2,4,4,5,3,3,2,4,3,2,4,5,5,1,3,5,2,4,2,2,5,3,5,3,2,3,5,2,4,2,2,5,1,3,3,3,1,3,4,4,3,4,3,1,3,3,3,4,2,3,1,5,4,3,2,1,1,4,2,5,1,4,3,3,4,1,4,2,2,5,4,3,4,1,1,2,3,3,3,1,4,5,2,3,1,5,2,2,4,3,2,4,3,4,4,4,5,5,5,2,4,1,1,1,4,2,3,2,2,3,4,4,2,5,4,4,3,2,2,3,2,1,4,5,4,2,3,2,4,2,2,3,4,2,2,5,2,2,2,3,3,5,4,4,1,4,3,3,1,3,3,2,3,3,2,2,4,2,2,1,2,5,5,5,5,2,4,4,2,3,1,5,1,4,3,4,2,5,5,4,2,3,2,2,3,4,3,1,4,5,5,4,2,5,2,2,4,2,3,1,3,4,3,2,2,3,4,2,2,1,3,3,2,3,2,2,1,4,4,2,4,2,3,1,3,3,3,3,2,1,1,4,2,3,4,2,3,5,3,1,3,5,2,3,5,1,3,1,1,2,1,3,4,3,2,5,1,2,3,4,5,5,4,4,4,2,2,5,3,4,4,2,3,5,2,4,4,2,3,3,3,1,4,1,2,4,4,5,5,3,4,1,4,4,4,2,2,2,5,3,3,3,4,5,4,2,3,4,4,3,4,5,4,5,3,3,1,3,2,2,4,5,3,3,2,5,2,1,3,2,4,5,4,3,3,3,2,4,3,2,3,4,4,2,1,4,3,4,5,4,3,3,2,4,2,5,2,4,1,2,2,2,5,4,1,4,1,2,3,3,3,3,2,5,2,4,5,4,3,1
443,0.019998,0.019968,0.02003,0.018401,0.019179,0.018915,0.01841,0.019832,0.020128,0.019497,0.019056,0.019854,0.018958,0.019647,0.018646,0.019131,0.019414,0.018766,0.019467,0.018522,0.019193,0.01957,0.019996,0.019852,0.019155,0.019278,0.019946,0.019615,0.019812,0.018761,0.019453,0.019537,0.018405,0.019309,0.018449,0.019143,0.018642,0.018484,0.019531,0.020068,0.020125,0.019983,0.019366,0.018758,0.019774,0.020081,0.018737,0.020085,0.019287,0.018448,0.020049,0.018681,0.018368,0.019553,0.019336,0.019812,0.020055,0.019712,0.019906,0.01877,0.018677,0.020089,0.018815,0.019181,0.019474,0.019249,0.019486,0.019915,0.018484,0.019473,0.01946,0.019403,0.019215,0.018684,0.018638,0.020114,0.019,0.018449,0.019064,0.020033,0.019543,0.018865,0.019396,0.019699,0.019426,0.019373,0.018814,0.019548,0.020123,0.018918,0.018704,0.018946,0.018861,0.020101,0.019913,0.018918,0.019398,0.019755,0.01863,0.019305,0.018537,0.019467,0.018687,0.019439,0.020139,0.01931,0.019905,0.019169,0.019412,0.020126,0.018684,0.019907,0.019599,0.019505,0.019907,0.020087,0.019618,0.01864,0.019729,0.019116,0.018729,0.019021,0.019359,0.020049,0.019125,0.020073,0.019273,0.018881,0.019748,0.018904,0.018983,0.019811,0.019207,0.018346,0.019398,0.019744,0.019922,0.018515,0.019955,0.019048,0.019213,0.018666,0.019833,0.019888,0.019106,0.019218,0.019694,0.020118,0.018588,0.019238,0.019406,0.01907,0.018823,0.020009,0.019669,0.018994,0.019998,0.01996,0.019684,0.018498,0.018881,0.018929,0.020102,0.01934,0.020065,0.019053,0.020016,0.019308,0.018746,0.019804,0.018586,0.019422,0.019558,0.020025,0.019713,0.019767,0.019039,0.020038,0.018971,0.019992,0.018688,0.01996,0.018784,0.018783,0.018496,0.020054,0.018643,0.019052,0.018452,0.019434,0.020113,0.019716,0.019247,0.019344,0.019243,0.018407,0.019856,0.019676,0.019874,0.019662,0.019414,0.019917,0.018884,0.019954,0.019684,0.01942,0.019244,0.018816,0.018992,0.019598,0.019317,0.019136,0.018671,0.019516,0.019782,0.019076,0.020063,0.019818,0.01918,0.018913,0.019163,0.019742,0.019012,0.018716,0.019562,0.019917,0.019946,0.019549,0.018472,0.019083,0.020041,0.018403,0.018441,0.019323,0.019789,0.019181,0.018839,0.019749,0.018787,0.019369,0.019188,0.018586,0.018929,0.01952,0.019509,0.019886,0.020039,0.018823,0.01999,0.019135,0.018541,0.019758,0.020016,0.01973,0.018856,0.019705,0.019692,0.019747,0.01941,0.019267,0.020002,0.01905,0.019339,0.018891,0.019267,0.018788,0.020092,0.019509,0.019937,0.018718,0.019899,0.019682,0.019215,0.01884,0.018738,0.018984,0.019245,0.019037,0.018423,0.019416,0.019106,0.019772,0.019664,0.019531,0.019813,0.020123,0.019672,0.018781,0.019231,0.019634,0.019625,0.019106,0.019808,0.020007,0.018941,0.019296,0.019302,0.019193,0.019416,0.019858,0.018882,0.018968,0.018774,0.018752,0.019416,0.019258,0.019291,0.019558,0.019095,0.020057,0.020147,0.018579,0.018921,0.018449,0.019878,0.019662,0.019961,0.019882,0.019327,0.018583,0.019917,0.019741,0.020002,0.019002,0.019211,0.019948,0.019722,0.019475,0.018977,0.019638,0.018479,0.019603,0.019945,0.019251,0.018544,0.019571,0.01906,0.018384,0.019359,0.01971,0.018497,0.020113,0.018759,0.019186,0.019772,0.01976,0.018573,0.019297,0.019337,0.019446,0.019716,0.018598,0.020081,0.018726,0.018934,0.019807,0.01891,0.019501,0.018467,0.018899,0.019064,0.019607,0.019843,0.018711,0.019721,0.018897,0.018862,0.019633,0.019306,0.01998,0.019611,0.020054,0.018982,0.019,0.01981,0.018842,0.019874,0.01992,0.019955,0.020105,0.020092,0.019109,0.019091,0.019182,0.019348,0.01941,0.019685,0.019134,0.019018,0.019569,0.019044,0.019601,0.019819,0.01993,0.019854,0.019471,0.018837,0.020093,0.019875,0.019551,0.019468,0.019859,0.019725,0.018631,0.019795,0.019019,0.018519,0.018994,0.018556,0.018635,0.019697,0.0191,0.018555,0.019557,0.020094,0.019876,0.019519,0.019081,0.018563,0.019933,0.019837,0.019715,0.019636,0.019431,0.019482,0.019215,0.019465,0.018457,0.01918,0.018452,0.018423,0.01967,0.018479,0.01901,0.02001,0.019667,0.018525,0.019661,0.019812,0.018696,0.019202,0.020094,0.01851,0.018714,0.019316,0.019446,0.019909,0.018947,0.018554,0.019596,0.019436,0.01855,0.018601,0.018629,0.019471,0.018578,0.0187,0.018799,0.019554,0.019353,0.019809,0.018851,0.019766,0.019734,0.018888,0.019522,0.019124,0.01855,0.020021,0.019158,0.01983,0.019791,0.019974,0.019146,0.01929,0.019829,0.020112,0.019617,0.01936,0.019758,0.019353,0.019818,0.019649,0.019172,0.019975,0.019586,0.019413,0.018627,0.020102,0.020001,0.019556,0.019999,0.019237,0.019639,0.018855,0.018965,0.018565,0.018673,0.020118,0.019859
490,0.023587,0.023351,0.023574,0.021828,0.022581,0.022359,0.021912,0.023288,0.023704,0.022898,0.02235,0.023239,0.022362,0.023093,0.022108,0.022559,0.022855,0.022155,0.023035,0.022074,0.022519,0.023005,0.023633,0.023262,0.022583,0.022548,0.023541,0.023084,0.023417,0.022024,0.022756,0.022919,0.021553,0.022656,0.021876,0.022629,0.022113,0.021801,0.022851,0.023613,0.023779,0.023375,0.022673,0.022194,0.023135,0.023661,0.022125,0.023654,0.022622,0.021577,0.023691,0.021944,0.021684,0.023149,0.02285,0.023322,0.02355,0.023116,0.023307,0.022032,0.022029,0.023508,0.022106,0.02244,0.022822,0.022568,0.022797,0.023267,0.021912,0.022979,0.022828,0.02287,0.022482,0.021959,0.021947,0.023602,0.022403,0.021925,0.022476,0.023711,0.022886,0.022287,0.022755,0.023276,0.022676,0.022918,0.022153,0.022932,0.023745,0.022448,0.021995,0.022406,0.022111,0.023681,0.023518,0.022122,0.022976,0.023189,0.022173,0.022836,0.021995,0.022767,0.022233,0.022747,0.02371,0.022593,0.023432,0.022544,0.022868,0.023825,0.021965,0.023354,0.023011,0.02283,0.023425,0.023562,0.023203,0.02192,0.023169,0.022616,0.022165,0.022291,0.022676,0.02361,0.022467,0.02371,0.022614,0.02242,0.023127,0.022263,0.022367,0.023164,0.022567,0.021667,0.022934,0.02329,0.023357,0.021987,0.023528,0.022292,0.022543,0.022193,0.023393,0.023468,0.022616,0.022543,0.023123,0.023551,0.021968,0.022674,0.022678,0.022326,0.022175,0.023384,0.023249,0.022326,0.023435,0.023639,0.023125,0.021957,0.022178,0.022272,0.02361,0.022665,0.023636,0.022387,0.023389,0.02279,0.022133,0.02322,0.022062,0.022803,0.023031,0.023682,0.023221,0.023359,0.022564,0.023486,0.022214,0.023366,0.022231,0.023524,0.022309,0.022273,0.022,0.023682,0.02203,0.022521,0.02203,0.022755,0.023788,0.023172,0.022628,0.02263,0.022754,0.021836,0.023395,0.023072,0.023286,0.023283,0.022978,0.023552,0.022374,0.023387,0.023032,0.022792,0.022773,0.022196,0.022523,0.022943,0.02276,0.022644,0.022063,0.022822,0.023397,0.022534,0.02365,0.02317,0.022536,0.022157,0.022646,0.023239,0.022375,0.022019,0.023106,0.023353,0.023511,0.023101,0.021905,0.022627,0.023708,0.021741,0.021875,0.0226,0.023366,0.022702,0.022226,0.023178,0.022171,0.02294,0.022461,0.021906,0.022366,0.023011,0.023011,0.02348,0.023723,0.022313,0.023662,0.022669,0.022024,0.023373,0.023396,0.023117,0.022334,0.02326,0.02327,0.023179,0.022758,0.022778,0.023581,0.02243,0.022606,0.022237,0.022718,0.022077,0.023518,0.02287,0.023585,0.02224,0.023299,0.023186,0.02251,0.022078,0.022007,0.022454,0.022639,0.022506,0.0219,0.02285,0.022428,0.023193,0.023217,0.023006,0.023301,0.023596,0.023105,0.022077,0.022491,0.023025,0.023151,0.022438,0.023186,0.023631,0.022293,0.02269,0.022692,0.022624,0.022859,0.023244,0.022303,0.022353,0.022068,0.021996,0.022954,0.02257,0.022801,0.022926,0.022499,0.023454,0.023758,0.022084,0.022353,0.021473,0.023239,0.023243,0.02347,0.023512,0.022608,0.022022,0.02345,0.023107,0.023381,0.02244,0.022529,0.02332,0.023251,0.022838,0.022406,0.022969,0.021772,0.02295,0.023308,0.022636,0.021937,0.022963,0.022456,0.021842,0.022779,0.023247,0.021964,0.023625,0.022124,0.022613,0.023206,0.023174,0.021868,0.022855,0.022713,0.022728,0.023259,0.021853,0.023588,0.022134,0.022253,0.023269,0.022209,0.022806,0.021951,0.022196,0.022379,0.023108,0.023267,0.022167,0.023029,0.02239,0.022256,0.023239,0.02264,0.023498,0.023047,0.023674,0.022519,0.022348,0.023363,0.021999,0.023272,0.023271,0.023421,0.023814,0.023766,0.022436,0.022358,0.022499,0.022894,0.02274,0.023215,0.022357,0.022498,0.023008,0.022487,0.023035,0.023152,0.02358,0.02343,0.022853,0.022357,0.023615,0.023441,0.022977,0.023034,0.023346,0.023172,0.022011,0.02325,0.022257,0.021895,0.022322,0.021568,0.021948,0.023081,0.022354,0.021867,0.022883,0.02358,0.023344,0.022866,0.022446,0.021796,0.023329,0.023483,0.023326,0.023154,0.022713,0.022785,0.022752,0.022886,0.02189,0.022675,0.021788,0.021824,0.023156,0.021981,0.022123,0.023562,0.02316,0.022043,0.023162,0.023237,0.022126,0.022726,0.023685,0.021881,0.022047,0.022881,0.022895,0.023389,0.022194,0.021981,0.023051,0.02272,0.021645,0.021887,0.022091,0.022992,0.021934,0.022152,0.022109,0.022946,0.022797,0.023449,0.022341,0.023111,0.023298,0.022282,0.023074,0.022476,0.021816,0.023679,0.022522,0.023341,0.023287,0.02364,0.022661,0.022673,0.023329,0.023597,0.023155,0.022641,0.023317,0.022889,0.023171,0.023106,0.022417,0.023554,0.023041,0.022924,0.02212,0.023769,0.02342,0.023105,0.02344,0.022718,0.023095,0.022224,0.022238,0.02168,0.022026,0.023613,0.023278
560,0.15427,0.14297,0.15154,0.13277,0.14378,0.14372,0.13733,0.14729,0.15294,0.14468,0.14315,0.14343,0.14228,0.14712,0.14075,0.14477,0.14678,0.13856,0.15409,0.14196,0.13998,0.14655,0.15708,0.14475,0.14505,0.13727,0.15479,0.14844,0.1559,0.13235,0.13946,0.14366,0.13816,0.14142,0.13405,0.14819,0.14084,0.12965,0.14223,0.15147,0.15749,0.14342,0.13942,0.14107,0.14227,0.15344,0.13858,0.15275,0.14071,0.13684,0.15716,0.13115,0.12734,0.15582,0.15066,0.1504,0.14872,0.14468,0.14409,0.14275,0.13543,0.14447,0.1345,0.14058,0.14176,0.13959,0.13987,0.1415,0.13486,0.15047,0.14295,0.15126,0.13697,0.13174,0.13235,0.14807,0.14247,0.13641,0.14347,0.15937,0.14161,0.1419,0.14237,0.15446,0.13899,0.15247,0.13692,0.14382,0.15559,0.14847,0.13316,0.14519,0.13307,0.15335,0.1564,0.13877,0.15458,0.14623,0.14469,0.15151,0.13791,0.14146,0.14596,0.13966,0.15264,0.13805,0.15108,0.1424,0.14763,0.16017,0.13234,0.14662,0.14534,0.14055,0.15055,0.14756,0.15502,0.13125,0.14667,0.1488,0.14093,0.13572,0.13996,0.15301,0.14023,0.15669,0.14106,0.14843,0.14334,0.13934,0.14128,0.14272,0.14609,0.12628,0.15215,0.15398,0.14592,0.13792,0.15351,0.13479,0.1444,0.14424,0.1542,0.15417,0.14944,0.13986,0.14745,0.14513,0.13496,0.14607,0.1378,0.14091,0.13751,0.14238,0.15474,0.13867,0.14573,0.15976,0.14675,0.13684,0.13568,0.13858,0.14924,0.14023,0.15293,0.13928,0.14229,0.1488,0.13864,0.14517,0.13958,0.1462,0.14869,0.15809,0.15051,0.1552,0.14937,0.14618,0.13411,0.14293,0.14523,0.15298,0.14624,0.14437,0.13905,0.15624,0.13649,0.14672,0.14228,0.14281,0.15877,0.14752,0.143,0.13822,0.15005,0.13368,0.15186,0.1443,0.14477,0.15714,0.15385,0.15818,0.14611,0.1457,0.14173,0.14569,0.15136,0.13932,0.14939,0.14163,0.14673,0.14937,0.13733,0.13962,0.15657,0.14608,0.15437,0.1426,0.14603,0.13362,0.14811,0.14973,0.14033,0.13341,0.15274,0.14599,0.15309,0.15327,0.13551,0.15104,0.15866,0.12863,0.1348,0.14089,0.15425,0.15046,0.13974,0.14609,0.1391,0.15409,0.13718,0.13185,0.14347,0.152,0.15035,0.15502,0.15967,0.14523,0.15922,0.151,0.13959,0.15661,0.14263,0.14379,0.14506,0.1547,0.15465,0.14618,0.14181,0.15031,0.15367,0.14813,0.1373,0.1383,0.14679,0.134,0.14483,0.14248,0.15797,0.14495,0.14407,0.15039,0.1383,0.13227,0.1326,0.14616,0.14368,0.14663,0.13646,0.14631,0.13922,0.14662,0.15485,0.15098,0.15016,0.14728,0.14636,0.13429,0.13668,0.14409,0.15157,0.14498,0.14311,0.15628,0.13919,0.14391,0.14383,0.1504,0.1498,0.14342,0.14232,0.1412,0.13436,0.1316,0.15226,0.13935,0.15029,0.14285,0.14333,0.14384,0.1553,0.1411,0.14339,0.13109,0.14204,0.15484,0.14985,0.15715,0.13799,0.13766,0.15131,0.14263,0.14264,0.14456,0.13961,0.14244,0.15167,0.14269,0.14385,0.14083,0.1286,0.14173,0.142,0.14322,0.13516,0.14426,0.14248,0.13378,0.1455,0.15216,0.13721,0.14945,0.13743,0.14508,0.14622,0.14519,0.13072,0.1531,0.14314,0.13826,0.15242,0.12915,0.1493,0.13909,0.13741,0.14769,0.1361,0.14159,0.13758,0.13569,0.1384,0.15214,0.14551,0.14135,0.14074,0.14596,0.14044,0.15629,0.14059,0.15028,0.1465,0.1558,0.14958,0.13953,0.15291,0.13655,0.14396,0.14141,0.14744,0.16088,0.15942,0.14472,0.13613,0.13932,0.15262,0.14081,0.15182,0.13883,0.14683,0.14677,0.14502,0.14653,0.1407,0.15899,0.15405,0.14366,0.14676,0.15009,0.15339,0.14601,0.15396,0.14892,0.14702,0.13567,0.14731,0.1341,0.13328,0.14542,0.12998,0.13273,0.14364,0.13538,0.13099,0.14068,0.14806,0.14786,0.14185,0.14132,0.14218,0.14377,0.15822,0.15646,0.15116,0.14068,0.13941,0.15169,0.14578,0.13453,0.14892,0.13002,0.1321,0.15085,0.13853,0.13348,0.15213,0.14966,0.14034,0.15016,0.14566,0.14004,0.15073,0.1545,0.13304,0.13512,0.15369,0.14992,0.14841,0.13371,0.13673,0.14769,0.13842,0.13448,0.13069,0.14007,0.15134,0.13373,0.14126,0.13524,0.14421,0.14694,0.15793,0.14531,0.14141,0.15371,0.14057,0.1532,0.14079,0.12872,0.15888,0.14162,0.15035,0.1496,0.15896,0.14989,0.14344,0.15076,0.14797,0.15233,0.13803,0.15335,0.15212,0.14183,0.14928,0.13551,0.1538,0.14768,0.15065,0.14201,0.1584,0.14473,0.153,0.14597,0.14856,0.14926,0.13927,0.13536,0.13547,0.13534,0.14843,0.14518
665,0.061302,0.053536,0.059266,0.052399,0.05612,0.057268,0.055863,0.056716,0.060059,0.055732,0.056221,0.05406,0.056029,0.05704,0.056707,0.057031,0.057457,0.054267,0.062672,0.058447,0.053444,0.05684,0.063383,0.054944,0.057128,0.051328,0.061804,0.058055,0.062976,0.049969,0.052323,0.054925,0.056598,0.054031,0.052994,0.059506,0.056686,0.049613,0.053979,0.059142,0.063373,0.053809,0.052516,0.056131,0.053452,0.060515,0.054516,0.060018,0.053616,0.055192,0.06331,0.049506,0.048851,0.063701,0.060566,0.058947,0.057243,0.055195,0.054392,0.057439,0.052489,0.054314,0.051175,0.053898,0.053794,0.052979,0.0525,0.052672,0.053295,0.059948,0.054657,0.0608,0.051348,0.049887,0.050575,0.056685,0.055941,0.054762,0.056377,0.06501,0.05353,0.056183,0.054436,0.062209,0.052077,0.061789,0.052862,0.055014,0.061979,0.060879,0.05086,0.058242,0.050002,0.060407,0.063091,0.053701,0.063306,0.056155,0.059893,0.061333,0.055167,0.053623,0.060468,0.052476,0.059819,0.051761,0.059213,0.055212,0.058072,0.065393,0.050402,0.056104,0.055928,0.052904,0.058832,0.056392,0.062876,0.049781,0.05652,0.060084,0.056295,0.051143,0.052892,0.060278,0.053827,0.062904,0.05392,0.061072,0.054211,0.05418,0.055159,0.053678,0.057719,0.048123,0.061456,0.061738,0.055599,0.055413,0.060851,0.050459,0.056474,0.059145,0.061666,0.061486,0.060648,0.053253,0.057163,0.054699,0.052723,0.057572,0.051351,0.054554,0.053223,0.053076,0.062507,0.053253,0.055318,0.065496,0.056686,0.054717,0.051667,0.053483,0.057511,0.053134,0.060182,0.053441,0.05301,0.05929,0.054511,0.055329,0.056131,0.057043,0.058388,0.06406,0.059279,0.062568,0.0609,0.055548,0.050293,0.053475,0.059801,0.06045,0.059926,0.058477,0.056423,0.062615,0.053494,0.058858,0.059431,0.054634,0.064365,0.057147,0.055333,0.051781,0.060475,0.053116,0.059885,0.055017,0.054914,0.064355,0.062687,0.064423,0.059288,0.055379,0.053278,0.056681,0.061493,0.054612,0.061176,0.0534,0.057759,0.060432,0.053888,0.052259,0.063559,0.058237,0.061231,0.053585,0.057794,0.050198,0.059362,0.058639,0.054353,0.050899,0.061334,0.055653,0.06056,0.061785,0.053994,0.061969,0.06445,0.049414,0.053689,0.053643,0.061796,0.061058,0.054721,0.05608,0.054607,0.063039,0.051568,0.050512,0.057014,0.060947,0.059738,0.062119,0.065226,0.058976,0.06501,0.061708,0.056566,0.063657,0.053232,0.054561,0.058653,0.062389,0.062377,0.05615,0.054013,0.060566,0.060851,0.059968,0.051182,0.053461,0.057966,0.050959,0.054543,0.054187,0.064192,0.059349,0.054395,0.059273,0.052205,0.04954,0.050306,0.058775,0.055817,0.058865,0.055085,0.057116,0.053238,0.056402,0.062623,0.060158,0.058783,0.056134,0.056443,0.051193,0.051104,0.054975,0.060283,0.057336,0.053934,0.062754,0.05384,0.055807,0.055747,0.061011,0.059669,0.054039,0.056446,0.05515,0.05133,0.049561,0.061464,0.052781,0.060458,0.054322,0.056144,0.053959,0.061721,0.057384,0.057031,0.050878,0.053096,0.062611,0.058224,0.063727,0.051666,0.054702,0.05935,0.053752,0.053263,0.057491,0.053134,0.053225,0.060089,0.054433,0.057091,0.052782,0.048852,0.053456,0.052949,0.055468,0.053229,0.055255,0.05568,0.053283,0.056719,0.060486,0.055009,0.057639,0.05347,0.057037,0.056113,0.055437,0.049776,0.062571,0.05515,0.051544,0.060651,0.048625,0.057596,0.054856,0.05265,0.057057,0.051826,0.053625,0.055423,0.051612,0.052792,0.060778,0.05548,0.056624,0.052553,0.059053,0.055107,0.063791,0.053476,0.058489,0.056694,0.062289,0.061379,0.053829,0.060764,0.0525,0.054369,0.052611,0.056564,0.065986,0.06491,0.057127,0.051163,0.053012,0.062004,0.05334,0.060308,0.052862,0.059057,0.056998,0.057603,0.056752,0.052332,0.065003,0.061486,0.0551,0.06003,0.058123,0.060947,0.056509,0.06257,0.057792,0.056775,0.052953,0.056821,0.050074,0.051954,0.058193,0.049424,0.050821,0.054526,0.050642,0.050116,0.052868,0.056718,0.057023,0.053752,0.054795,0.058471,0.054131,0.064654,0.063666,0.059949,0.053192,0.052204,0.061869,0.056589,0.053295,0.059892,0.049994,0.051749,0.059654,0.056157,0.049705,0.05973,0.058784,0.057146,0.059159,0.05565,0.055843,0.061166,0.061261,0.051766,0.052075,0.062967,0.059657,0.057334,0.050086,0.054176,0.057578,0.051669,0.052665,0.04965,0.056181,0.060586,0.051847,0.05673,0.051757,0.055257,0.057789,0.064511,0.058827,0.052895,0.061558,0.055087,0.06181,0.054218,0.04859,0.064684,0.054685,0.058868,0.05843,0.064851,0.060786,0.055513,0.059178,0.056621,0.060864,0.051615,0.061223,0.061615,0.053077,0.058578,0.050491,0.06101,0.057594,0.060279,0.057804,0.064113,0.054639,0.061549,0.055478,0.059403,0.058589,0.054373,0.051114,0.053296,0.052489,0.056923,0.055222
705,0.21292,0.20008,0.20992,0.18188,0.19857,0.19712,0.18696,0.20468,0.21171,0.20079,0.19703,0.20037,0.19588,0.20401,0.19232,0.19948,0.20285,0.19076,0.2111,0.19275,0.19444,0.20313,0.21606,0.20186,0.19986,0.19171,0.21337,0.20538,0.21427,0.18382,0.1948,0.19978,0.18698,0.19649,0.18361,0.20321,0.19234,0.17913,0.19805,0.20993,0.21679,0.20063,0.19447,0.19336,0.19887,0.21217,0.19058,0.21142,0.19559,0.186,0.21626,0.18209,0.17598,0.21332,0.20684,0.20812,0.20679,0.20144,0.20122,0.19479,0.18675,0.20203,0.18648,0.19483,0.19745,0.19424,0.19534,0.19829,0.18495,0.20718,0.19876,0.20759,0.19116,0.18276,0.18324,0.20618,0.19624,0.18612,0.19767,0.21868,0.19751,0.19486,0.19788,0.21233,0.19403,0.20898,0.18913,0.20001,0.21467,0.20224,0.18448,0.19897,0.18515,0.21211,0.21503,0.19146,0.21135,0.20329,0.19638,0.20765,0.18848,0.19697,0.19813,0.19496,0.21139,0.1927,0.20912,0.19703,0.20377,0.21979,0.18347,0.20411,0.20187,0.19618,0.20853,0.20555,0.2127,0.18197,0.20371,0.20376,0.19306,0.18889,0.19502,0.21158,0.19441,0.21579,0.19597,0.20197,0.2,0.19238,0.19484,0.1994,0.20103,0.17476,0.20871,0.21184,0.20335,0.18822,0.21198,0.18804,0.1992,0.19612,0.21236,0.21253,0.20444,0.19439,0.20442,0.20284,0.18559,0.20138,0.19276,0.19465,0.18994,0.19948,0.21254,0.19206,0.20329,0.21892,0.20368,0.18694,0.18819,0.1916,0.20748,0.1953,0.21156,0.19302,0.1994,0.20465,0.19071,0.20222,0.1907,0.20209,0.20547,0.21723,0.208,0.21336,0.20401,0.20389,0.18692,0.20005,0.19741,0.21138,0.19906,0.19706,0.18926,0.21525,0.1876,0.20121,0.19246,0.19836,0.2182,0.20465,0.19799,0.19305,0.20578,0.18307,0.20987,0.2009,0.20193,0.21518,0.21062,0.21701,0.19959,0.20316,0.19802,0.20152,0.20721,0.19186,0.20368,0.19767,0.20244,0.20446,0.18877,0.19515,0.21491,0.20058,0.21313,0.19928,0.20083,0.1861,0.20323,0.2072,0.19403,0.18485,0.20997,0.20342,0.21147,0.21053,0.1855,0.20601,0.2179,0.17746,0.18451,0.19579,0.21235,0.20586,0.19241,0.20312,0.19145,0.2107,0.19129,0.18237,0.19694,0.20889,0.20714,0.21348,0.21902,0.19828,0.2184,0.20627,0.19034,0.21488,0.19979,0.20048,0.1983,0.21252,0.21253,0.20323,0.1973,0.20613,0.21225,0.20239,0.19195,0.19108,0.20231,0.18579,0.20245,0.19836,0.21689,0.19724,0.20119,0.20777,0.19263,0.1842,0.18406,0.20023,0.19873,0.20104,0.18613,0.20235,0.19323,0.20371,0.21254,0.2078,0.20779,0.2053,0.20321,0.18606,0.1909,0.20055,0.2089,0.1993,0.1999,0.21518,0.19237,0.1992,0.19917,0.20564,0.20604,0.20035,0.1955,0.19471,0.18621,0.18304,0.2089,0.19396,0.20622,0.19895,0.19766,0.20122,0.21436,0.19206,0.19689,0.17993,0.19884,0.21265,0.20787,0.21584,0.19269,0.18863,0.20941,0.19918,0.19977,0.1986,0.19411,0.19943,0.2093,0.19851,0.1977,0.19688,0.17807,0.1978,0.19893,0.19826,0.18564,0.20057,0.19663,0.18282,0.20121,0.20983,0.18733,0.20775,0.18943,0.20007,0.20333,0.20213,0.18097,0.20931,0.19854,0.19342,0.21013,0.17933,0.20751,0.19103,0.19034,0.20508,0.1888,0.19723,0.18762,0.18834,0.1921,0.20936,0.20271,0.19335,0.19691,0.19954,0.1933,0.21414,0.19557,0.20841,0.20321,0.21475,0.20383,0.19305,0.21093,0.18859,0.20102,0.19821,0.20514,0.22052,0.21882,0.19903,0.18966,0.19362,0.209,0.19619,0.20938,0.19267,0.20111,0.20337,0.19925,0.20322,0.19717,0.21793,0.21232,0.19956,0.1999,0.20843,0.21163,0.20246,0.21097,0.20659,0.2041,0.18681,0.20463,0.18708,0.18329,0.19913,0.17955,0.18356,0.20021,0.18892,0.18106,0.19647,0.20613,0.20545,0.1977,0.19544,0.19256,0.20092,0.21689,0.21458,0.20846,0.19596,0.1948,0.20742,0.20191,0.18418,0.20419,0.17942,0.18134,0.20814,0.18858,0.18611,0.21054,0.2069,0.19107,0.20744,0.20281,0.1919,0.20626,0.21335,0.18308,0.18664,0.21007,0.20631,0.20614,0.18638,0.18735,0.20449,0.19354,0.18434,0.18103,0.19144,0.2081,0.18429,0.19323,0.18721,0.20045,0.20282,0.21649,0.19844,0.19785,0.21162,0.19365,0.21033,0.19502,0.17855,0.21806,0.19607,0.20812,0.20718,0.21808,0.20507,0.19869,0.20852,0.20606,0.2097,0.19288,0.21129,0.20852,0.19847,0.20633,0.1893,0.21234,0.20443,0.20715,0.19353,0.21776,0.20215,0.21024,0.20356,0.20411,0.20627,0.19204,0.18822,0.18551,0.18655,0.20659,0.20237
740,0.36705,0.36464,0.36723,0.30892,0.34344,0.33327,0.31039,0.36244,0.36942,0.35362,0.33764,0.36247,0.33551,0.35815,0.32194,0.34219,0.35137,0.32746,0.35366,0.31623,0.34397,0.35582,0.36741,0.36248,0.34267,0.34616,0.36596,0.35724,0.36321,0.32621,0.35199,0.35463,0.30628,0.34757,0.31138,0.34245,0.32117,0.31313,0.3537,0.36797,0.36997,0.36505,0.3494,0.32652,0.36053,0.36854,0.32604,0.36859,0.34683,0.30875,0.36838,0.32275,0.30829,0.35632,0.34955,0.3624,0.3673,0.35939,0.36359,0.32512,0.32274,0.36725,0.32865,0.34225,0.35259,0.34578,0.35274,0.36335,0.31442,0.35373,0.35259,0.35068,0.3444,0.32293,0.32159,0.36841,0.33667,0.31137,0.33923,0.36846,0.35474,0.33112,0.35067,0.36015,0.35021,0.35089,0.32871,0.35513,0.36972,0.33352,0.32442,0.33514,0.33052,0.36891,0.36511,0.33173,0.35157,0.36053,0.32118,0.3486,0.31616,0.35176,0.32388,0.35133,0.36953,0.34729,0.36454,0.34336,0.35143,0.37039,0.3235,0.36409,0.35668,0.35332,0.36452,0.36783,0.35823,0.32092,0.35991,0.34144,0.32575,0.33705,0.34903,0.3676,0.34124,0.36881,0.34672,0.33195,0.3599,0.33319,0.33593,0.36093,0.3436,0.30756,0.35133,0.36075,0.3643,0.31473,0.3661,0.33842,0.34368,0.32232,0.36298,0.36457,0.34156,0.34444,0.35874,0.368,0.31834,0.34601,0.35041,0.33808,0.32984,0.36537,0.35935,0.33624,0.36579,0.36684,0.35886,0.31386,0.33156,0.33363,0.36829,0.34873,0.36813,0.33853,0.36548,0.34822,0.32645,0.36146,0.31931,0.35085,0.35578,0.36802,0.36021,0.36202,0.339,0.3666,0.33549,0.36489,0.32406,0.36602,0.32775,0.3277,0.31373,0.36846,0.32096,0.33937,0.3124,0.35089,0.3699,0.35972,0.34573,0.34862,0.34646,0.31029,0.36357,0.3583,0.36296,0.35958,0.35201,0.3654,0.3326,0.3648,0.35829,0.35076,0.34656,0.32952,0.33663,0.35595,0.34867,0.34225,0.3225,0.35355,0.36242,0.33983,0.36807,0.36108,0.34256,0.33318,0.34317,0.36079,0.3375,0.32507,0.35631,0.36421,0.36571,0.35619,0.31352,0.34028,0.36845,0.30906,0.31201,0.34718,0.36235,0.34393,0.32999,0.36048,0.32828,0.35056,0.34354,0.31919,0.33386,0.35439,0.35456,0.36479,0.3685,0.33,0.36744,0.34269,0.31694,0.3618,0.36557,0.35972,0.33139,0.35983,0.36013,0.36047,0.35102,0.34692,0.36697,0.33759,0.34812,0.33205,0.34703,0.32749,0.36738,0.35368,0.36625,0.32475,0.36339,0.35941,0.3442,0.32964,0.32587,0.33669,0.34572,0.33879,0.31106,0.35164,0.34087,0.36057,0.35875,0.35462,0.36201,0.36846,0.35851,0.32717,0.34491,0.35722,0.35806,0.33973,0.36139,0.36744,0.3342,0.34744,0.34792,0.34327,0.35097,0.36245,0.33243,0.33536,0.32754,0.32644,0.35192,0.34577,0.34775,0.35526,0.34037,0.36634,0.36986,0.31787,0.33408,0.30894,0.36277,0.3594,0.36561,0.36495,0.34777,0.31917,0.36485,0.35968,0.36526,0.33735,0.34455,0.36416,0.36042,0.35299,0.33633,0.35704,0.31325,0.3561,0.36414,0.34584,0.31706,0.35581,0.33945,0.308,0.34959,0.36032,0.3138,0.36862,0.32648,0.34414,0.36089,0.36045,0.31777,0.34813,0.34896,0.35159,0.36047,0.31865,0.368,0.32505,0.33376,0.36206,0.33277,0.35274,0.31268,0.33282,0.33887,0.3569,0.36255,0.32439,0.35849,0.3332,0.331,0.35873,0.34772,0.36616,0.35712,0.36831,0.33623,0.33655,0.3628,0.32831,0.36297,0.36353,0.36509,0.37002,0.36931,0.33982,0.3397,0.34318,0.34982,0.35092,0.35965,0.34038,0.33761,0.35587,0.33851,0.35689,0.36113,0.36579,0.36396,0.35276,0.33,0.36835,0.36419,0.35525,0.35365,0.36337,0.35991,0.32138,0.36174,0.33686,0.31492,0.33519,0.31454,0.32076,0.35876,0.34033,0.31665,0.35478,0.36797,0.36362,0.3541,0.34014,0.31475,0.36406,0.36389,0.36072,0.35815,0.35056,0.35257,0.34558,0.35278,0.31178,0.34383,0.31193,0.31009,0.35848,0.31285,0.33521,0.3669,0.35875,0.3164,0.35865,0.36188,0.32424,0.34472,0.3687,0.31484,0.32439,0.34916,0.35196,0.3644,0.33456,0.31699,0.35688,0.35112,0.31422,0.31885,0.32059,0.35351,0.31812,0.32444,0.32802,0.3551,0.34981,0.36319,0.33059,0.36009,0.36109,0.33266,0.35522,0.34124,0.31636,0.36777,0.34254,0.36278,0.36178,0.36717,0.34262,0.34748,0.36246,0.36836,0.35777,0.34906,0.36164,0.35025,0.36143,0.35776,0.34248,0.36651,0.35642,0.35196,0.32105,0.36961,0.36561,0.3561,0.36576,0.34617,0.35749,0.33118,0.33488,0.315,0.32236,0.36846,0.36282
783,0.38519,0.38515,0.386,0.32503,0.36073,0.34951,0.32571,0.3815,0.38823,0.37202,0.3547,0.38249,0.35222,0.37659,0.33762,0.35929,0.36898,0.34435,0.37002,0.33157,0.36215,0.37408,0.38492,0.38216,0.35961,0.36529,0.38378,0.37526,0.38038,0.34406,0.37139,0.37341,0.32177,0.3659,0.32746,0.35874,0.33679,0.33022,0.37282,0.38686,0.38778,0.38551,0.36856,0.34259,0.38053,0.38706,0.34252,0.38728,0.36524,0.32462,0.38602,0.34047,0.32532,0.37264,0.36624,0.38071,0.38677,0.37867,0.38362,0.34115,0.33955,0.3878,0.3463,0.36034,0.37153,0.36443,0.37217,0.38403,0.3309,0.37093,0.37122,0.36745,0.36335,0.34054,0.33919,0.38826,0.35351,0.32701,0.35613,0.38562,0.37401,0.34749,0.36918,0.37724,0.36965,0.36735,0.34585,0.37392,0.38795,0.34888,0.34184,0.35123,0.34869,0.38751,0.38253,0.34911,0.3676,0.37955,0.33609,0.36501,0.33189,0.3708,0.33879,0.37059,0.3884,0.3664,0.383,0.36093,0.36888,0.3877,0.341,0.38356,0.37533,0.37265,0.3831,0.38767,0.37502,0.33841,0.37872,0.35749,0.34175,0.35538,0.36792,0.38613,0.35905,0.38662,0.36501,0.34718,0.37953,0.35025,0.35293,0.38097,0.36066,0.32513,0.36779,0.37812,0.38398,0.33038,0.38422,0.3571,0.36111,0.33743,0.38059,0.38233,0.35747,0.36272,0.37731,0.38851,0.33486,0.3631,0.36999,0.35565,0.34717,0.38616,0.37626,0.3538,0.38581,0.3837,0.37751,0.32963,0.34925,0.35095,0.38779,0.36761,0.3867,0.35623,0.38632,0.36503,0.34296,0.38088,0.3353,0.3687,0.37356,0.3854,0.37816,0.37926,0.35487,0.3866,0.35396,0.38551,0.33942,0.38426,0.34297,0.34326,0.32909,0.38636,0.33742,0.35559,0.32704,0.36951,0.38741,0.3783,0.36348,0.36797,0.36294,0.32626,0.3817,0.37744,0.38272,0.3761,0.36822,0.38248,0.34826,0.38462,0.37814,0.36872,0.36264,0.3462,0.35211,0.37541,0.36594,0.35828,0.33892,0.37316,0.37936,0.35626,0.38637,0.38117,0.35953,0.35149,0.35956,0.37907,0.35503,0.34279,0.37327,0.38386,0.38388,0.373,0.32944,0.35578,0.38578,0.32597,0.32793,0.36578,0.37978,0.35994,0.34666,0.37952,0.34488,0.36655,0.36232,0.33667,0.3502,0.37142,0.37181,0.38238,0.3856,0.34558,0.3845,0.35843,0.3324,0.37864,0.38633,0.3792,0.34714,0.37694,0.37716,0.37947,0.36971,0.36326,0.38519,0.35367,0.36752,0.34926,0.36424,0.34512,0.38786,0.37259,0.38345,0.33994,0.38339,0.37728,0.36282,0.34787,0.34357,0.35274,0.36333,0.35496,0.32659,0.3695,0.35884,0.37959,0.37569,0.37189,0.3804,0.38849,0.3772,0.34471,0.36399,0.37625,0.37556,0.35663,0.38137,0.38514,0.35142,0.3652,0.36574,0.35945,0.36807,0.38248,0.34881,0.3523,0.34504,0.34442,0.36844,0.36436,0.36418,0.37439,0.35742,0.38696,0.3882,0.33321,0.35041,0.32587,0.3832,0.37629,0.38453,0.38209,0.36695,0.33551,0.3833,0.37946,0.38596,0.35379,0.36289,0.38472,0.37815,0.37175,0.35281,0.37694,0.33053,0.37555,0.38481,0.36355,0.33335,0.37459,0.35673,0.32384,0.36727,0.37792,0.3295,0.38812,0.34326,0.36138,0.37995,0.3797,0.33506,0.36405,0.36706,0.37133,0.3781,0.3364,0.38743,0.34136,0.35134,0.38095,0.3505,0.37189,0.32818,0.35085,0.3568,0.37419,0.38205,0.34021,0.37868,0.34918,0.34763,0.37533,0.36638,0.38506,0.37564,0.38625,0.35164,0.35396,0.38058,0.34583,0.38298,0.38426,0.38452,0.38709,0.38665,0.35678,0.35828,0.36144,0.36603,0.36983,0.37723,0.35865,0.35365,0.37409,0.35502,0.37529,0.38164,0.38275,0.38165,0.37128,0.34536,0.38764,0.38206,0.37355,0.37002,0.38222,0.37865,0.33828,0.38067,0.35555,0.33146,0.35157,0.33215,0.33793,0.37815,0.35929,0.33381,0.3743,0.38772,0.38271,0.37322,0.35756,0.33012,0.38426,0.38067,0.37745,0.3757,0.36964,0.37209,0.36149,0.37079,0.3278,0.36012,0.3288,0.32642,0.37625,0.32823,0.35411,0.38547,0.3767,0.33203,0.37648,0.38124,0.34026,0.36076,0.38705,0.33138,0.34143,0.36506,0.36914,0.38347,0.35322,0.33301,0.37501,0.37068,0.33092,0.33629,0.3363,0.37041,0.33483,0.34026,0.34544,0.3738,0.36718,0.37993,0.34627,0.38025,0.37845,0.34964,0.37195,0.35892,0.33396,0.38502,0.36021,0.38115,0.38018,0.38423,0.35859,0.36533,0.38078,0.38819,0.375,0.36851,0.37916,0.36658,0.38169,0.37578,0.36155,0.38468,0.37451,0.36892,0.33643,0.38715,0.38582,0.37297,0.38567,0.36276,0.37549,0.34804,0.35304,0.33157,0.33919,0.3882,0.3825
842,0.38623,0.38631,0.38706,0.32737,0.36221,0.35116,0.32753,0.38261,0.38926,0.37326,0.35623,0.38358,0.35357,0.37765,0.3392,0.3608,0.37028,0.34627,0.3712,0.3338,0.36341,0.37531,0.38585,0.38332,0.36109,0.36675,0.3848,0.37645,0.38134,0.34594,0.37257,0.37465,0.32408,0.36731,0.32972,0.36017,0.33885,0.33246,0.37408,0.38792,0.38875,0.38665,0.36996,0.3445,0.38164,0.38808,0.34405,0.38826,0.36663,0.32688,0.38702,0.34253,0.32723,0.37377,0.36756,0.3818,0.38785,0.37987,0.38477,0.34296,0.3416,0.38894,0.34811,0.36179,0.37284,0.36589,0.37347,0.3852,0.33321,0.37217,0.37237,0.36868,0.36462,0.34259,0.34131,0.38935,0.35509,0.32927,0.35765,0.38653,0.37516,0.34921,0.37035,0.37832,0.37098,0.36864,0.34765,0.37504,0.38896,0.3505,0.34343,0.35256,0.35046,0.38853,0.38354,0.35079,0.36881,0.38069,0.33766,0.36635,0.33411,0.37209,0.34031,0.37194,0.38942,0.36779,0.38409,0.36217,0.37014,0.38866,0.34261,0.38461,0.37642,0.37397,0.38419,0.38871,0.37615,0.34052,0.37989,0.35899,0.34326,0.357,0.36927,0.38716,0.3606,0.38762,0.36623,0.34884,0.38073,0.35166,0.35453,0.38214,0.36205,0.32769,0.36906,0.3792,0.38504,0.33253,0.38519,0.35847,0.36251,0.33945,0.38164,0.38339,0.35869,0.3642,0.37846,0.38958,0.33693,0.36428,0.3712,0.35718,0.34903,0.38732,0.37738,0.35548,0.38694,0.38468,0.37867,0.33182,0.35105,0.35262,0.38887,0.36901,0.38774,0.35784,0.38748,0.36634,0.34448,0.38204,0.33745,0.36996,0.37474,0.3864,0.37918,0.38034,0.35644,0.38771,0.35537,0.38666,0.34141,0.3853,0.34483,0.34512,0.33127,0.38736,0.33942,0.35686,0.32879,0.3708,0.38837,0.37947,0.36487,0.36939,0.36432,0.3281,0.38279,0.37865,0.38388,0.3772,0.36943,0.38347,0.34963,0.38575,0.37938,0.36998,0.36378,0.34767,0.35365,0.37667,0.36709,0.3597,0.34096,0.37444,0.3804,0.35775,0.38738,0.38235,0.36094,0.35294,0.36096,0.38021,0.35668,0.3448,0.37442,0.38492,0.38493,0.37403,0.3312,0.3573,0.38675,0.32833,0.32973,0.36714,0.38084,0.36132,0.34849,0.38058,0.34636,0.36782,0.3636,0.33886,0.35184,0.37259,0.37299,0.38334,0.38658,0.347,0.38547,0.35962,0.33407,0.37971,0.38748,0.3803,0.34853,0.37802,0.37815,0.38054,0.37088,0.36463,0.38623,0.35517,0.36891,0.35096,0.36563,0.34696,0.38899,0.37389,0.38446,0.34189,0.38455,0.37831,0.36431,0.34974,0.34513,0.35405,0.36471,0.35624,0.32839,0.37081,0.36014,0.38073,0.37678,0.37306,0.3815,0.38953,0.37837,0.34655,0.36527,0.37748,0.37672,0.3581,0.38256,0.38614,0.35314,0.36655,0.36692,0.36082,0.36931,0.38363,0.3502,0.35398,0.34657,0.34599,0.3697,0.36577,0.36553,0.37566,0.35892,0.38809,0.3892,0.33526,0.35177,0.32814,0.3843,0.37728,0.3856,0.38303,0.36837,0.33767,0.38438,0.38065,0.38713,0.3551,0.36414,0.38589,0.37925,0.37289,0.35414,0.3782,0.33288,0.37681,0.38592,0.36498,0.33505,0.3757,0.35832,0.3262,0.36857,0.37893,0.33169,0.38914,0.34519,0.36285,0.38112,0.38088,0.33726,0.36537,0.36824,0.3727,0.37922,0.33848,0.38845,0.34332,0.35301,0.38199,0.35228,0.37316,0.33051,0.35264,0.35842,0.37532,0.38312,0.34218,0.37989,0.35091,0.34942,0.37644,0.3678,0.38607,0.37686,0.38726,0.35319,0.35562,0.38157,0.34759,0.38415,0.38537,0.38564,0.38803,0.38761,0.35826,0.35983,0.36291,0.36729,0.37101,0.37824,0.36015,0.35525,0.37528,0.35655,0.37637,0.38286,0.38373,0.38262,0.37254,0.34707,0.38865,0.38313,0.37479,0.37123,0.38333,0.37979,0.34039,0.38172,0.35718,0.33362,0.35314,0.33428,0.34003,0.37934,0.3609,0.33594,0.37556,0.3888,0.38374,0.37437,0.35885,0.33219,0.38541,0.3817,0.37853,0.37683,0.37095,0.37339,0.36264,0.37208,0.33005,0.36151,0.33118,0.32873,0.37738,0.33044,0.35575,0.38653,0.37786,0.33427,0.37764,0.3823,0.34181,0.36212,0.38806,0.33365,0.34342,0.36615,0.37036,0.3845,0.35498,0.33521,0.37608,0.37201,0.33304,0.33836,0.33839,0.37164,0.33701,0.34179,0.34726,0.37506,0.36831,0.38097,0.34798,0.38145,0.37944,0.35141,0.3731,0.36047,0.33612,0.38599,0.36167,0.38225,0.3813,0.38515,0.36,0.36652,0.38187,0.38922,0.37613,0.36992,0.38015,0.36767,0.3828,0.37693,0.36305,0.38572,0.37569,0.37019,0.33802,0.38813,0.38695,0.37415,0.38679,0.36392,0.37664,0.34948,0.3547,0.33367,0.34115,0.38928,0.38366
865,0.38617,0.38626,0.387,0.32772,0.3623,0.35131,0.32772,0.38257,0.3892,0.37327,0.35639,0.38352,0.35362,0.3776,0.33932,0.36089,0.37032,0.34647,0.37122,0.3341,0.36341,0.37531,0.38578,0.38328,0.36119,0.36681,0.38475,0.37644,0.38128,0.34614,0.37254,0.37465,0.32456,0.36737,0.33006,0.36025,0.33914,0.33277,0.3741,0.38786,0.38869,0.3866,0.36999,0.34474,0.38158,0.38802,0.34415,0.38818,0.36667,0.32733,0.38697,0.34278,0.32743,0.37377,0.3676,0.38176,0.3878,0.37985,0.38472,0.34325,0.34186,0.38888,0.34829,0.36191,0.37286,0.36595,0.37347,0.38516,0.33352,0.37218,0.37234,0.36874,0.36462,0.34284,0.34155,0.38928,0.35521,0.32961,0.35776,0.38646,0.37511,0.34938,0.37032,0.37829,0.37103,0.36867,0.34783,0.375,0.38889,0.35066,0.34353,0.35262,0.35063,0.38847,0.3835,0.351,0.36884,0.38066,0.33779,0.36639,0.33444,0.37213,0.34043,0.37197,0.38936,0.36783,0.38404,0.36218,0.37016,0.38859,0.34272,0.38454,0.37638,0.37398,0.38415,0.38863,0.37614,0.34079,0.37987,0.3591,0.34337,0.35711,0.3693,0.38711,0.3607,0.38757,0.36622,0.34901,0.38071,0.35172,0.35466,0.38212,0.36217,0.32805,0.3691,0.37919,0.38497,0.33284,0.38512,0.3585,0.36262,0.33973,0.38162,0.38335,0.35871,0.36428,0.37846,0.3895,0.33721,0.36428,0.37118,0.35733,0.3492,0.38727,0.37737,0.35562,0.38688,0.38464,0.37865,0.33213,0.35123,0.35277,0.38881,0.36904,0.38769,0.35796,0.38743,0.36638,0.34458,0.38201,0.33772,0.37002,0.37474,0.38634,0.37913,0.3803,0.35656,0.38765,0.35542,0.38661,0.34164,0.38525,0.34506,0.34535,0.33159,0.3873,0.33967,0.35689,0.32897,0.37085,0.38831,0.37945,0.36493,0.36942,0.36438,0.32829,0.38275,0.37864,0.38384,0.37718,0.36945,0.38344,0.3497,0.3857,0.37936,0.37004,0.36378,0.34775,0.35379,0.37667,0.36708,0.3598,0.34122,0.37444,0.38037,0.35786,0.38733,0.38232,0.36107,0.353,0.36105,0.38018,0.3568,0.34501,0.37441,0.38485,0.38489,0.37399,0.33137,0.35742,0.38669,0.32868,0.32991,0.36722,0.3808,0.3614,0.34869,0.38052,0.34645,0.36787,0.36361,0.33912,0.35199,0.37262,0.373,0.38328,0.38653,0.34708,0.38542,0.35964,0.33423,0.37968,0.38743,0.38024,0.34861,0.37802,0.37809,0.38048,0.37085,0.3647,0.38618,0.35534,0.36894,0.35112,0.36568,0.34715,0.38893,0.3739,0.38441,0.34214,0.38451,0.37826,0.36439,0.34994,0.34523,0.3541,0.36477,0.35627,0.32858,0.37083,0.36016,0.38071,0.37679,0.37309,0.38148,0.38945,0.37835,0.34675,0.36527,0.37747,0.37671,0.35825,0.38253,0.38608,0.3533,0.3666,0.36691,0.36094,0.36936,0.38359,0.35027,0.35413,0.34665,0.34608,0.36973,0.36582,0.36559,0.37565,0.35902,0.38804,0.38915,0.33555,0.35183,0.32858,0.38424,0.37723,0.38555,0.38297,0.36842,0.33794,0.38433,0.38062,0.38708,0.35514,0.36414,0.38585,0.37922,0.37286,0.35418,0.37818,0.33322,0.37681,0.38585,0.36505,0.3352,0.37566,0.35842,0.32657,0.36861,0.37887,0.332,0.38906,0.34542,0.36292,0.38109,0.38085,0.33756,0.36544,0.36822,0.37271,0.3792,0.33874,0.38838,0.34357,0.35315,0.38193,0.35245,0.37319,0.33087,0.35279,0.35854,0.37534,0.38305,0.34244,0.37988,0.35107,0.34961,0.37643,0.36784,0.38599,0.37684,0.38721,0.35333,0.35577,0.3815,0.34784,0.38411,0.3853,0.38559,0.38797,0.38756,0.3584,0.35992,0.36298,0.36733,0.37098,0.37819,0.36028,0.35539,0.37528,0.35666,0.37632,0.38282,0.3837,0.38255,0.37255,0.34726,0.38857,0.38309,0.3748,0.37126,0.38329,0.37976,0.34063,0.38166,0.35729,0.33393,0.35333,0.33465,0.34031,0.37932,0.36099,0.33622,0.37556,0.38874,0.38368,0.37433,0.35888,0.33258,0.38537,0.38167,0.37851,0.37681,0.37099,0.3734,0.36264,0.3721,0.33038,0.36159,0.33153,0.32908,0.37738,0.33076,0.35592,0.38648,0.37785,0.33457,0.37763,0.38224,0.34192,0.36219,0.38801,0.33399,0.34367,0.36614,0.37041,0.38443,0.35511,0.33553,0.37604,0.37202,0.33343,0.33862,0.33867,0.37167,0.33731,0.3419,0.34745,0.37507,0.3683,0.38094,0.34816,0.38141,0.37938,0.35157,0.37311,0.36057,0.3364,0.38594,0.36175,0.38222,0.38127,0.38508,0.36009,0.36651,0.38184,0.38915,0.37612,0.36995,0.38009,0.36766,0.38273,0.37693,0.36312,0.38567,0.37568,0.37022,0.33815,0.38807,0.3869,0.37416,0.38674,0.36392,0.37664,0.34955,0.35483,0.33405,0.34139,0.38922,0.38361
945,0.38161,0.38172,0.38244,0.32486,0.35852,0.34771,0.32434,0.37807,0.38456,0.36901,0.35222,0.37892,0.34966,0.37313,0.33569,0.35708,0.36626,0.34316,0.36702,0.33124,0.35924,0.37109,0.38114,0.37882,0.35745,0.36287,0.3802,0.37218,0.37673,0.34269,0.36817,0.37035,0.3209,0.36341,0.32712,0.35637,0.33623,0.32974,0.36962,0.38328,0.38405,0.382,0.36588,0.34161,0.37702,0.38339,0.3404,0.3835,0.3626,0.32363,0.38241,0.33973,0.32405,0.3695,0.36357,0.37728,0.38322,0.37545,0.38017,0.3393,0.33884,0.38427,0.34478,0.35764,0.36872,0.36197,0.36921,0.38059,0.33068,0.36801,0.36797,0.36435,0.36042,0.33979,0.33842,0.38465,0.35149,0.32668,0.35395,0.38181,0.37069,0.34583,0.366,0.3739,0.36661,0.36461,0.34434,0.37058,0.38427,0.34708,0.33981,0.34869,0.34704,0.38383,0.37887,0.34692,0.3647,0.37621,0.33419,0.36241,0.33171,0.36769,0.33677,0.36786,0.3847,0.36373,0.37956,0.35804,0.36599,0.38397,0.33901,0.37993,0.37192,0.3698,0.37966,0.38395,0.37185,0.33782,0.37551,0.35544,0.33964,0.35333,0.36515,0.38243,0.35698,0.38299,0.36199,0.34548,0.37632,0.34781,0.35095,0.37751,0.3579,0.3254,0.36508,0.37462,0.38035,0.32981,0.3805,0.35443,0.35834,0.33679,0.37702,0.37888,0.35465,0.36043,0.3739,0.3848,0.33404,0.36009,0.36683,0.35315,0.3458,0.3827,0.37308,0.35208,0.3823,0.38014,0.37424,0.32912,0.34786,0.34912,0.38421,0.36497,0.38311,0.35434,0.38286,0.36232,0.34082,0.37758,0.33472,0.36561,0.37044,0.3818,0.37462,0.37589,0.3529,0.38303,0.35142,0.38193,0.33851,0.38068,0.34192,0.3422,0.3286,0.38271,0.33642,0.35286,0.32556,0.36642,0.38367,0.3751,0.36091,0.36533,0.36046,0.32489,0.3783,0.37431,0.37936,0.37286,0.3653,0.37881,0.34584,0.38117,0.37497,0.36563,0.3596,0.34392,0.3501,0.3724,0.36283,0.35593,0.33823,0.37015,0.37592,0.35405,0.38264,0.37771,0.35682,0.34906,0.35714,0.37577,0.35313,0.34175,0.37012,0.38023,0.38038,0.36958,0.32791,0.35382,0.38209,0.32578,0.32648,0.36286,0.37634,0.35748,0.34541,0.37599,0.34266,0.3639,0.35943,0.33607,0.34837,0.36817,0.36875,0.37869,0.38198,0.34327,0.38085,0.35555,0.33071,0.37532,0.38281,0.37571,0.34476,0.37347,0.37361,0.37594,0.36652,0.36084,0.38164,0.35119,0.36481,0.34752,0.36172,0.34367,0.38432,0.36972,0.37989,0.33912,0.38001,0.37376,0.36054,0.34661,0.34146,0.35013,0.36075,0.35226,0.32518,0.3667,0.35606,0.37612,0.37226,0.36863,0.37687,0.38475,0.37395,0.34328,0.36105,0.37318,0.3724,0.35404,0.37805,0.3815,0.34986,0.36253,0.36266,0.35669,0.36497,0.37906,0.34639,0.35065,0.34286,0.34229,0.36569,0.36178,0.3617,0.37138,0.35518,0.38334,0.38443,0.33243,0.34792,0.32486,0.37963,0.37275,0.38098,0.37838,0.36443,0.33494,0.37984,0.37616,0.38251,0.35115,0.35995,0.38131,0.3748,0.36848,0.35022,0.37383,0.33053,0.37254,0.38121,0.36117,0.33166,0.37122,0.3547,0.32374,0.36448,0.37436,0.329,0.38437,0.34226,0.35905,0.37669,0.37646,0.33471,0.36155,0.36395,0.36852,0.37482,0.33553,0.38369,0.34049,0.34949,0.37736,0.34903,0.36873,0.32828,0.34926,0.3549,0.37084,0.37847,0.3394,0.3753,0.34761,0.3463,0.37213,0.3638,0.38135,0.37253,0.38264,0.34966,0.35223,0.37695,0.34381,0.37959,0.38068,0.38106,0.38334,0.38287,0.3542,0.35605,0.35902,0.36324,0.36664,0.3737,0.35604,0.35186,0.37096,0.35289,0.37187,0.37837,0.37906,0.37798,0.36831,0.34378,0.38389,0.37863,0.37059,0.36717,0.3788,0.37533,0.33753,0.3771,0.3535,0.33086,0.34921,0.33084,0.33735,0.37489,0.35718,0.33309,0.37124,0.3841,0.37908,0.36992,0.3548,0.3288,0.38085,0.37725,0.37419,0.37246,0.36657,0.36913,0.35848,0.36798,0.32743,0.35767,0.32892,0.32617,0.37284,0.3278,0.35176,0.38193,0.37355,0.33168,0.37333,0.37767,0.33823,0.35825,0.38331,0.33127,0.34058,0.36191,0.36599,0.37982,0.3515,0.33276,0.37159,0.3678,0.32964,0.33541,0.33578,0.36756,0.33447,0.33821,0.34397,0.37085,0.36401,0.37655,0.34465,0.37694,0.37487,0.34809,0.36885,0.35686,0.33326,0.38127,0.35783,0.37779,0.37687,0.38045,0.35622,0.36227,0.37724,0.38445,0.37178,0.36585,0.37556,0.36339,0.37815,0.37241,0.35916,0.38112,0.37136,0.36611,0.33454,0.38348,0.38234,0.36997,0.38219,0.35974,0.37212,0.34569,0.35112,0.33025,0.33809,0.38461,0.37911
1375,0.26163,0.26163,0.26204,0.23259,0.24957,0.24389,0.23314,0.25949,0.26334,0.25461,0.24562,0.26005,0.24525,0.25691,0.23857,0.24934,0.25339,0.24307,0.25357,0.23781,0.24989,0.25585,0.2613,0.25999,0.24905,0.2517,0.26069,0.25642,0.25884,0.24142,0.25434,0.25531,0.22911,0.25196,0.23372,0.24819,0.23893,0.23502,0.25479,0.26253,0.26294,0.26173,0.25348,0.24148,0.259,0.26255,0.24082,0.26267,0.25132,0.23057,0.26203,0.24059,0.233,0.25486,0.25238,0.25905,0.2625,0.25828,0.26067,0.23887,0.24016,0.26312,0.24245,0.24845,0.25463,0.25162,0.25471,0.26092,0.23756,0.25452,0.25424,0.25198,0.25047,0.24062,0.24097,0.26339,0.24576,0.2335,0.24698,0.26168,0.25563,0.24297,0.25324,0.2572,0.25317,0.25287,0.24223,0.25558,0.26316,0.24358,0.24053,0.24478,0.24356,0.26281,0.25991,0.24286,0.25239,0.25846,0.23785,0.25182,0.23679,0.25375,0.23908,0.25419,0.26334,0.25189,0.2604,0.2493,0.25305,0.26299,0.24015,0.26061,0.25628,0.25518,0.26046,0.26293,0.25643,0.23968,0.25818,0.24807,0.24045,0.24667,0.25262,0.26198,0.24882,0.26236,0.25124,0.24279,0.25861,0.24436,0.2455,0.25913,0.24858,0.23525,0.2528,0.25752,0.26085,0.23505,0.26093,0.24755,0.24882,0.2392,0.25886,0.26002,0.24765,0.2505,0.25712,0.26344,0.23715,0.25031,0.25366,0.2461,0.24424,0.2622,0.25689,0.24646,0.26202,0.26073,0.25739,0.23471,0.24445,0.24459,0.26308,0.25304,0.26243,0.24755,0.26229,0.25118,0.24102,0.2593,0.23934,0.25264,0.25536,0.26167,0.2577,0.25851,0.24743,0.26234,0.24609,0.26169,0.24101,0.26097,0.24162,0.24176,0.23445,0.26226,0.23833,0.24679,0.23373,0.25308,0.26272,0.25796,0.25046,0.25322,0.25091,0.23341,0.2597,0.25754,0.26029,0.25694,0.25269,0.25987,0.24341,0.26131,0.25803,0.25265,0.25006,0.2425,0.24508,0.25653,0.25166,0.24797,0.23988,0.25521,0.2583,0.24703,0.2621,0.25925,0.24802,0.24496,0.24857,0.25845,0.24754,0.24244,0.25519,0.26078,0.26086,0.25507,0.23485,0.24729,0.26179,0.23305,0.23417,0.25119,0.25853,0.24874,0.24328,0.25844,0.24189,0.25221,0.24998,0.23993,0.24422,0.25401,0.25447,0.25992,0.26178,0.24219,0.26107,0.24809,0.23619,0.25808,0.26221,0.25828,0.2429,0.25688,0.25716,0.25841,0.2535,0.2507,0.26158,0.24508,0.25244,0.2438,0.2515,0.2419,0.26315,0.25514,0.26067,0.2403,0.26066,0.25725,0.25055,0.24385,0.24132,0.24547,0.25038,0.2465,0.23354,0.25388,0.24834,0.25836,0.25622,0.25425,0.25878,0.26341,0.25723,0.24171,0.25078,0.25694,0.25671,0.24657,0.25966,0.26144,0.2454,0.25128,0.25157,0.24796,0.2523,0.26005,0.24368,0.24578,0.24199,0.24172,0.2531,0.2509,0.25112,0.25619,0.24759,0.26252,0.26318,0.23635,0.24441,0.23123,0.26044,0.25671,0.26114,0.25975,0.25247,0.23944,0.26056,0.25843,0.26209,0.24596,0.25024,0.26139,0.25769,0.2545,0.24551,0.25744,0.23623,0.2566,0.26134,0.25086,0.23664,0.25591,0.24825,0.23203,0.25227,0.25757,0.23465,0.26319,0.24179,0.25025,0.25882,0.25869,0.23821,0.25105,0.25221,0.25477,0.25795,0.23788,0.26278,0.24094,0.24477,0.25919,0.245,0.25431,0.23516,0.24579,0.24781,0.25545,0.25979,0.24043,0.2579,0.24505,0.2437,0.25657,0.25249,0.26142,0.25677,0.26216,0.24486,0.24653,0.25896,0.24123,0.2605,0.26103,0.26125,0.26252,0.26224,0.24665,0.24803,0.24951,0.25164,0.25357,0.25721,0.24761,0.24635,0.25563,0.24646,0.25625,0.25974,0.26002,0.25952,0.25425,0.24195,0.2629,0.25988,0.25559,0.25384,0.26007,0.25798,0.24058,0.25904,0.24676,0.23558,0.24405,0.23441,0.23946,0.25774,0.24939,0.23668,0.25578,0.26297,0.26013,0.25524,0.24773,0.23333,0.26113,0.25912,0.25747,0.25643,0.25315,0.25467,0.24952,0.25426,0.23387,0.24884,0.23546,0.23324,0.25654,0.23406,0.24538,0.26175,0.25713,0.23801,0.25702,0.25935,0.23978,0.24913,0.2625,0.23658,0.24099,0.2512,0.25285,0.26055,0.2468,0.23729,0.2561,0.25398,0.23377,0.23783,0.23872,0.25404,0.2381,0.23977,0.24205,0.25572,0.25225,0.25874,0.24238,0.25886,0.25783,0.24526,0.25453,0.24876,0.23676,0.2613,0.24891,0.25942,0.25891,0.26091,0.24811,0.25138,0.25898,0.26323,0.25607,0.25347,0.25821,0.25194,0.25962,0.2563,0.24958,0.26135,0.25584,0.25359,0.23802,0.26265,0.26199,0.25527,0.2619,0.25013,0.25614,0.24334,0.24558,0.2341,0.23915,0.26332,0.26024
1610,0.19732,0.19736,0.19768,0.1785,0.18891,0.1854,0.17853,0.19583,0.19862,0.19239,0.18605,0.1962,0.1861,0.19393,0.18188,0.18866,0.19148,0.18462,0.19168,0.18135,0.18912,0.19318,0.19713,0.19615,0.18857,0.19033,0.1967,0.19358,0.19532,0.18386,0.19213,0.19287,0.17494,0.19051,0.17918,0.18813,0.18214,0.17996,0.1924,0.19805,0.19838,0.19747,0.19146,0.18373,0.19543,0.19809,0.18329,0.19815,0.19017,0.17592,0.19766,0.18317,0.17845,0.19256,0.1907,0.19551,0.19802,0.19484,0.19669,0.18149,0.18291,0.19849,0.1845,0.18798,0.19233,0.19018,0.19246,0.19687,0.1812,0.19217,0.19207,0.19042,0.18951,0.18319,0.1833,0.19866,0.18657,0.17905,0.18735,0.19741,0.19303,0.18482,0.19138,0.19419,0.19125,0.19103,0.18436,0.19299,0.19849,0.1852,0.18311,0.1858,0.18519,0.19828,0.1961,0.18418,0.19088,0.19508,0.18144,0.19032,0.18082,0.19166,0.18221,0.19203,0.19868,0.19055,0.19645,0.18873,0.19132,0.19835,0.18287,0.19661,0.19349,0.19272,0.1965,0.19835,0.19351,0.18261,0.19483,0.18793,0.18306,0.18715,0.19104,0.19764,0.18842,0.19792,0.19003,0.18471,0.19515,0.18553,0.18641,0.19553,0.18807,0.17979,0.19108,0.19435,0.19679,0.17998,0.19685,0.18759,0.18823,0.1823,0.19532,0.19617,0.18765,0.18953,0.19406,0.19874,0.18125,0.1894,0.19167,0.18638,0.18536,0.19779,0.19391,0.18689,0.19762,0.19669,0.19432,0.17978,0.1856,0.18583,0.19846,0.19115,0.19797,0.18759,0.19786,0.19008,0.18342,0.19565,0.18229,0.19088,0.1929,0.1974,0.1945,0.19501,0.18741,0.19793,0.18665,0.19742,0.18333,0.19691,0.18382,0.1839,0.17962,0.1978,0.18196,0.18709,0.1789,0.19119,0.19821,0.19468,0.18961,0.19127,0.18971,0.1787,0.19594,0.19438,0.19637,0.19388,0.19109,0.19607,0.18493,0.19713,0.19466,0.19089,0.18924,0.18435,0.18614,0.19366,0.19031,0.18798,0.18273,0.1928,0.19497,0.18738,0.19774,0.19561,0.18768,0.18591,0.18837,0.19497,0.18748,0.18422,0.19279,0.19674,0.1968,0.19264,0.17959,0.18743,0.19751,0.17878,0.17916,0.18987,0.19514,0.18848,0.18486,0.19503,0.18397,0.19067,0.18919,0.18266,0.1856,0.19184,0.19229,0.1961,0.19748,0.18415,0.19698,0.18794,0.18041,0.19476,0.19783,0.19492,0.1846,0.19389,0.19411,0.19501,0.19156,0.18966,0.19733,0.18568,0.19092,0.18534,0.1901,0.18416,0.19851,0.19269,0.1966,0.18299,0.19664,0.19417,0.18956,0.18522,0.18361,0.18625,0.18955,0.18691,0.17878,0.19173,0.1881,0.19496,0.19341,0.19202,0.19527,0.19872,0.19421,0.18404,0.18972,0.19395,0.19371,0.1867,0.19586,0.19726,0.1862,0.19015,0.19025,0.18764,0.19064,0.19623,0.1851,0.18645,0.18403,0.18386,0.19128,0.1899,0.18995,0.19334,0.18774,0.19805,0.19855,0.18077,0.18556,0.17637,0.19649,0.19379,0.19703,0.19598,0.19085,0.18235,0.19657,0.19506,0.19771,0.18656,0.18936,0.19719,0.19454,0.19224,0.18627,0.19424,0.18048,0.19371,0.19716,0.18977,0.18069,0.19323,0.18794,0.17817,0.19081,0.1944,0.17974,0.19854,0.18392,0.18927,0.1953,0.19521,0.18169,0.1899,0.19068,0.19235,0.19461,0.1817,0.19824,0.18339,0.18595,0.19557,0.18595,0.19205,0.17982,0.18635,0.18776,0.19286,0.19601,0.18307,0.19462,0.18587,0.18513,0.19362,0.19077,0.19722,0.19376,0.19776,0.18601,0.18693,0.1954,0.18308,0.19648,0.19693,0.19708,0.19806,0.19784,0.18675,0.18802,0.18898,0.19038,0.1916,0.19415,0.18741,0.18682,0.19309,0.18702,0.19347,0.19597,0.19618,0.19581,0.19214,0.18419,0.19833,0.19607,0.193,0.19179,0.19616,0.19474,0.18306,0.19546,0.18721,0.1803,0.18499,0.1785,0.18247,0.19457,0.18869,0.18096,0.19319,0.1984,0.19626,0.19276,0.1877,0.17778,0.19699,0.19552,0.19433,0.19365,0.19124,0.19243,0.18888,0.19207,0.17927,0.18854,0.18,0.17889,0.19364,0.17938,0.18589,0.19746,0.19409,0.18147,0.19401,0.19569,0.18264,0.18873,0.19804,0.18069,0.18342,0.19,0.19103,0.19657,0.187,0.18112,0.19336,0.19196,0.17807,0.18166,0.18201,0.19193,0.18162,0.18264,0.18425,0.19309,0.1907,0.19524,0.18446,0.19537,0.19459,0.18601,0.19233,0.18838,0.18101,0.19713,0.1886,0.19573,0.19537,0.19683,0.18808,0.19012,0.19541,0.19858,0.19339,0.19144,0.19486,0.19049,0.19589,0.19347,0.18903,0.19711,0.19324,0.19153,0.18154,0.19814,0.19763,0.19278,0.19757,0.18929,0.19336,0.18488,0.18646,0.17829,0.18247,0.19864,0.19628
2190,0.062401,0.062385,0.062488,0.059796,0.06025,0.059804,0.059815,0.0619,0.062824,0.06095,0.05931,0.062013,0.059869,0.061349,0.059676,0.060539,0.06074,0.060523,0.060784,0.060989,0.060272,0.061149,0.062308,0.061997,0.060197,0.060502,0.062174,0.061254,0.061744,0.059708,0.060888,0.06107,0.057622,0.060537,0.05975,0.060114,0.059751,0.059709,0.060836,0.062611,0.062725,0.062423,0.060905,0.059763,0.061779,0.062626,0.059694,0.062648,0.060464,0.057733,0.062483,0.059751,0.059822,0.060993,0.06078,0.061803,0.062601,0.061671,0.062169,0.058491,0.059748,0.062761,0.059741,0.059723,0.060938,0.060706,0.060967,0.062226,0.061021,0.06104,0.060872,0.060308,0.06034,0.059751,0.060659,0.062837,0.059916,0.059758,0.060008,0.062402,0.06111,0.059761,0.060715,0.061421,0.060525,0.060833,0.059733,0.0611,0.06278,0.059789,0.059689,0.059841,0.059788,0.062693,0.061953,0.058949,0.060608,0.061676,0.05968,0.060725,0.059788,0.060634,0.059676,0.060866,0.062827,0.060539,0.062092,0.060208,0.060703,0.062736,0.059684,0.062144,0.061228,0.061031,0.062106,0.062715,0.061334,0.059748,0.061602,0.060105,0.059688,0.059983,0.060641,0.062463,0.060174,0.062568,0.060435,0.059754,0.061694,0.059818,0.059898,0.061771,0.059744,0.061364,0.060653,0.061406,0.0622,0.059708,0.06222,0.06004,0.05978,0.059749,0.061706,0.062005,0.060049,0.060353,0.061319,0.062847,0.059671,0.06032,0.060779,0.059377,0.060478,0.062526,0.061343,0.059978,0.062496,0.062169,0.061457,0.059718,0.059859,0.059842,0.062751,0.060853,0.062586,0.06006,0.062548,0.060445,0.059698,0.061844,0.06081,0.060428,0.061078,0.062396,0.061506,0.061718,0.060466,0.062572,0.059925,0.062389,0.060655,0.062239,0.059765,0.059768,0.059725,0.062554,0.059665,0.059977,0.059788,0.060507,0.062668,0.061557,0.060357,0.060873,0.060645,0.059803,0.061933,0.061472,0.062066,0.061422,0.060652,0.061944,0.059773,0.062309,0.061623,0.06043,0.060292,0.059738,0.059871,0.061276,0.060489,0.060094,0.059748,0.061052,0.061643,0.060012,0.062495,0.061797,0.059657,0.059852,0.060151,0.061705,0.060469,0.060556,0.061049,0.062184,0.062201,0.06101,0.059745,0.06004,0.062436,0.059776,0.05977,0.06017,0.061692,0.060168,0.05981,0.061659,0.059719,0.06057,0.060283,0.06075,0.059821,0.060683,0.060928,0.061984,0.062422,0.059727,0.062262,0.060088,0.059707,0.061582,0.06254,0.061627,0.059752,0.061268,0.061398,0.061654,0.060754,0.060377,0.062373,0.059237,0.060616,0.059799,0.060695,0.059722,0.062769,0.061024,0.062178,0.059749,0.062152,0.061415,0.060359,0.059832,0.059704,0.059884,0.060348,0.059955,0.059796,0.060954,0.060111,0.061592,0.061127,0.060731,0.061688,0.06284,0.061426,0.059716,0.060377,0.061354,0.061382,0.059444,0.061956,0.062352,0.059909,0.060459,0.060478,0.059648,0.060366,0.062024,0.059785,0.059932,0.059721,0.059714,0.060698,0.060411,0.060428,0.061294,0.06006,0.062602,0.062773,0.059681,0.059821,0.057785,0.062105,0.061311,0.062279,0.061945,0.060607,0.0608,0.062129,0.061671,0.062498,0.059916,0.060312,0.062328,0.061518,0.060914,0.059886,0.061512,0.059805,0.061289,0.062318,0.060396,0.059697,0.06116,0.06049,0.059822,0.060592,0.061479,0.059719,0.06278,0.059768,0.060595,0.061738,0.061711,0.059758,0.060419,0.060565,0.061075,0.061608,0.059666,0.062677,0.059755,0.059852,0.06182,0.059887,0.060741,0.059844,0.060452,0.060083,0.060968,0.061956,0.05975,0.061489,0.060459,0.059826,0.061358,0.060791,0.062337,0.061393,0.062517,0.059858,0.059983,0.06177,0.058754,0.062141,0.062244,0.062294,0.062618,0.06253,0.059455,0.060099,0.060249,0.060506,0.060765,0.061408,0.059596,0.05997,0.061127,0.059966,0.061223,0.061941,0.061979,0.061895,0.06089,0.059724,0.062706,0.061974,0.061103,0.060811,0.062044,0.061577,0.060691,0.061789,0.05999,0.059696,0.0591,0.058055,0.059748,0.061528,0.060542,0.059676,0.061153,0.062733,0.062034,0.06104,0.060055,0.05796,0.062265,0.061804,0.061459,0.061272,0.060522,0.060961,0.060231,0.060876,0.059745,0.060178,0.059832,0.059768,0.061195,0.059738,0.059277,0.062415,0.061391,0.060964,0.061369,0.061857,0.05968,0.060208,0.062598,0.059794,0.059755,0.06043,0.060465,0.06213,0.060455,0.059775,0.061196,0.060848,0.057998,0.059666,0.059752,0.060842,0.05976,0.05968,0.059727,0.061127,0.06057,0.061721,0.059738,0.061762,0.061533,0.060456,0.060937,0.060168,0.059675,0.062292,0.060186,0.061869,0.061759,0.062214,0.060107,0.060453,0.061735,0.062793,0.061205,0.060903,0.06161,0.060527,0.061917,0.061144,0.060256,0.062336,0.061164,0.060918,0.059679,0.062641,0.062474,0.061047,0.062451,0.0603,0.061111,0.05977,0.059903,0.058027,0.059669,0.062813,0.062081
